-6.036957996556792513e-07,3.908158466219895794e-02
-6.021176746556792849e-07,3.854162743632077309e-02
-6.005395496556792127e-07,3.798456835407403726e-02
-5.989614246556792463e-07,3.746606384623186320e-02
-5.973832996556792800e-07,3.701936538082797185e-02
-5.958051746556792077e-07,3.666038928430370020e-02
-5.942270496556792414e-07,3.639772400944066288e-02
-5.926489246556792750e-07,3.624188428142739726e-02
-5.910707996556792028e-07,3.620954439587276835e-02
-5.894926746556792364e-07,3.632078765191040781e-02
-5.879145496556792701e-07,3.658932615426940121e-02
-5.863364246556793037e-07,3.700976327125989757e-02
-5.847582996556792314e-07,3.754658681196639675e-02
-5.831801746556792651e-07,3.813009006885009072e-02
-5.816020496556792987e-07,3.866230398462303097e-02
-5.800239246556792265e-07,3.903393170228715986e-02
-5.784457996556792601e-07,3.914880476141623794e-02
-5.768676746556792938e-07,3.895059586205765895e-02
-5.752895496556792215e-07,3.844408846499688254e-02
-5.737114246556792552e-07,3.770372966236588963e-02
-5.721332996556792888e-07,3.686572585992913681e-02
-5.705551746556792166e-07,3.610251787674260970e-02
-5.689770496556792502e-07,3.558458536794138066e-02
-5.673989246556792838e-07,3.543824323395256687e-02
-5.658207996556792116e-07,3.571085960003451271e-02
-5.642426746556792452e-07,3.635329421854945758e-02
-5.626645496556792789e-07,3.722633104724409892e-02
-5.610864246556792066e-07,3.813156312926917202e-02
-5.595082996556792403e-07,3.886006531383961321e-02
-5.579301746556792739e-07,3.924669438368952323e-02
-5.563520496556792017e-07,3.921433696591412887e-02
-5.547739246556792353e-07,3.879619289297744911e-02
-5.531957996556792689e-07,3.812777261891141939e-02
-5.516176746556793026e-07,3.740988266518804201e-02
-5.500395496556792303e-07,3.685255585146054308e-02
-5.484614246556792640e-07,3.661535096520202037e-02
-5.468832996556792976e-07,3.676191822105168150e-02
-5.453051746556792254e-07,3.724198543425569219e-02
-5.437270496556792590e-07,3.790679679959078202e-02
-5.421489246556792927e-07,3.855362123151449133e-02
-5.405707996556792204e-07,3.898627270131185124e-02
-5.389926746556792541e-07,3.907311097579974773e-02
-5.374145496556792877e-07,3.878603389135931723e-02
-5.358364246556792154e-07,3.820828322272107336e-02
-5.342582996556792491e-07,3.750940693193240832e-02
-5.326801746556792827e-07,3.689532778578658717e-02
-5.311020496556793164e-07,3.654921730128907198e-02
-5.295239246556792441e-07,3.658029531844522730e-02
-5.279457996556792778e-07,3.699546569077222236e-02
-5.263676746556793114e-07,3.770096277215557318e-02
-5.247895496556792392e-07,3.853201124562531665e-02
-5.232114246556792728e-07,3.929969763558634893e-02
-5.216332996556793064e-07,3.984099102343197085e-02
-5.200551746556792342e-07,4.005723993502129793e-02
-5.184770496556792678e-07,3.993130425215136309e-02
-5.168989246556793015e-07,3.952072483268428971e-02
-5.153207996556792292e-07,3.893211544278765701e-02
-5.137426746556792629e-07,3.828649964878637346e-02
-5.121645496556792965e-07,3.768703696057849883e-02
-5.105864246556792243e-07,3.719835695043655077e-02
-5.090082996556792579e-07,3.684212717644715779e-02
-5.074301746556792915e-07,3.660673935119303918e-02
-5.058520496556792193e-07,3.646588033255920153e-02
-5.042739246556792529e-07,3.639753169633679758e-02
-5.026957996556792866e-07,3.639647647222959276e-02
-5.011176746556792143e-07,3.647668105163671265e-02
-4.995395496556792480e-07,3.666283564893151048e-02
-4.979614246556792816e-07,3.697581139629226715e-02
-4.963832996556792094e-07,3.741736533618760657e-02
-4.948051746556792430e-07,3.796003526677761697e-02
-4.932270496556792767e-07,3.854624056007958238e-02
-4.916489246556792044e-07,3.909659726542665664e-02
-4.900707996556792380e-07,3.952612583377043687e-02
-4.884926746556792717e-07,3.976317249647035035e-02
-4.869145496556793053e-07,3.976605897785095295e-02
-4.853364246556792331e-07,3.953279961862884301e-02
-4.837582996556792667e-07,3.910181606322363224e-02
-4.821801746556793004e-07,3.854365847446990234e-02
-4.806020496556792281e-07,3.794560650708637961e-02
-4.790239246556792618e-07,3.739316633092117786e-02
-4.774457996556792954e-07,3.695311985645247793e-02
-4.758676746556792232e-07,3.666143026629112289e-02
-4.742895496556793097e-07,3.651910271580736944e-02
-4.727114246556792904e-07,3.649616289834414773e-02
-4.711332996556793241e-07,3.654273518173054708e-02
-4.695551746556793048e-07,3.660440346939802109e-02
-4.679770496556792855e-07,3.663793492179544253e-02
-4.663989246556793191e-07,3.662329355004156212e-02
-4.648207996556791939e-07,3.656934135560471755e-02
-4.632426746556792805e-07,3.651155423194331340e-02
-4.616645496556793141e-07,3.650206608245058076e-02
-4.600864246556791890e-07,3.659504204306313763e-02
-4.585082996556792755e-07,3.683008922239682653e-02
-4.569301746556793092e-07,3.721879770517364655e-02
-4.553520496556791840e-07,3.773768967952575992e-02
-4.537739246556793235e-07,3.832945374230144892e-02
-4.521957996556793042e-07,3.891293151321977700e-02
-4.506176746556791790e-07,3.939899293746913084e-02
-4.490395496556793186e-07,3.970923211217732701e-02
-4.474614246556792993e-07,3.979267345882481210e-02
-4.458832996556791741e-07,3.963649856375307812e-02
-4.443051746556793136e-07,3.926827132155027295e-02
-4.427270496556792943e-07,3.874947116790403850e-02
-4.411489246556792750e-07,3.816184073933393678e-02
-4.395707996556793086e-07,3.759011115529430069e-02
-4.379926746556792893e-07,3.710507350166219326e-02
-4.364145496556793230e-07,3.675158805752998248e-02
-4.348364246556793037e-07,3.654307341098896045e-02
-4.332582996556792844e-07,3.646380177488495883e-02
-4.316801746556793180e-07,3.647755514210258149e-02
-4.301020496556791928e-07,3.653960670531421207e-02
-4.285239246556792794e-07,3.660932765029595304e-02
-4.269457996556793130e-07,3.665902927877961320e-02
-4.253676746556791879e-07,3.667807503734019786e-02
-4.237895496556792744e-07,3.667136144863288039e-02
-4.222114246556793081e-07,3.665331818541846254e-02
-4.206332996556791829e-07,3.664004953061460179e-02
-4.190551746556793224e-07,3.664169302702145747e-02
-4.174770496556793031e-07,3.665806430106278296e-02
-4.158989246556791779e-07,3.667870699041673316e-02
-4.143207996556793174e-07,3.668733316352122686e-02
-4.127426746556792981e-07,3.666910072072494114e-02
-4.111645496556792788e-07,3.661866510762031707e-02
-4.095864246556793125e-07,3.654582819598588272e-02
-4.080082996556792932e-07,3.647714607808733717e-02
-4.064301746556792739e-07,3.645216553902057982e-02
-4.048520496556793075e-07,3.651506206601647098e-02
-4.032739246556792882e-07,3.670291018887564261e-02
-4.016957996556793219e-07,3.703394556549682859e-02
-4.001176746556791967e-07,3.749890848640877877e-02
-3.985395496556792833e-07,3.805811631165315068e-02
-3.969614246556793169e-07,3.864537244427090207e-02
-3.953832996556791917e-07,3.917893503622339041e-02
-3.938051746556792783e-07,3.957690776401257687e-02
-3.922270496556793119e-07,3.977417558284968707e-02
-3.906489246556791867e-07,3.973660997054803690e-02
-3.890707996556793263e-07,3.946910194500415081e-02
-3.874926746556793070e-07,3.901501951767903653e-02
-3.859145496556791818e-07,3.844747955871106321e-02
-3.843364246556793213e-07,3.785370055287674146e-02
-3.827582996556793020e-07,3.731653235378285666e-02
-3.811801746556792827e-07,3.689769034197908776e-02
-3.796020496556793163e-07,3.662712831965519306e-02
-3.780239246556792970e-07,3.650031848298603693e-02
-3.764457996556792777e-07,3.648459804819389335e-02
-3.748676746556793114e-07,3.653203319804865234e-02
-3.732895496556792921e-07,3.659484444657847696e-02
-3.717114246556793257e-07,3.663870961908875790e-02
-3.701332996556793064e-07,3.665013174637742066e-02
-3.685551746556792871e-07,3.663603504859271054e-02
-3.669770496556793207e-07,3.661630445041332005e-02
-3.653989246556791956e-07,3.661233473440143882e-02
-3.638207996556792821e-07,3.663594624866962912e-02
-3.622426746556793158e-07,3.668281990755820066e-02
-3.606645496556792965e-07,3.673299855623735066e-02
-3.590864246556792772e-07,3.675840304853941753e-02
-3.575082996556793108e-07,3.673506313015129782e-02
-3.559301746556792915e-07,3.665505885182818863e-02
-3.543520496556793252e-07,3.653431740300489700e-02
-3.527739246556793059e-07,3.641254222596654322e-02
-3.511957996556792866e-07,3.634465480103037799e-02
-3.496176746556793202e-07,3.638617675600151757e-02
-3.480395496556791950e-07,3.657627612171435172e-02
-3.464614246556792816e-07,3.692428331699081773e-02
-3.448832996556793152e-07,3.740376465284964147e-02
-3.433051746556792959e-07,3.795644397779261714e-02
-3.417270496556792766e-07,3.850511027147669740e-02
-3.401489246556793103e-07,3.897185371546726257e-02
-3.385707996556792910e-07,3.929685341842902024e-02
-3.369926746556793246e-07,3.945225613609811693e-02
-3.354145496556793053e-07,3.944748472409771028e-02
-3.338364246556792860e-07,3.932472902657489777e-02
-3.322582996556793196e-07,3.914610545079202225e-02
-3.306801746556793003e-07,3.897683865711439738e-02
-3.291020496556792810e-07,3.886852711253555026e-02
-3.275239246556793147e-07,3.884730233022629792e-02
-3.259457996556792954e-07,3.890949969904668182e-02
-3.243676746556792761e-07,3.902602717859726678e-02
-3.227895496556793097e-07,3.915322951335693802e-02
-3.212114246556792904e-07,3.924726749853969104e-02
-3.196332996556793240e-07,3.927766580699183774e-02
-3.180551746556793047e-07,3.923646827250441838e-02
-3.164770496556792854e-07,3.913975140574328659e-02
-3.148989246556793191e-07,3.902226388311121758e-02
-3.133207996556792998e-07,3.892582450410401324e-02
-3.117426746556792805e-07,3.888537917892827267e-02
-3.101645496556793141e-07,3.891697025709194707e-02
-3.085864246556792948e-07,3.901167077073151856e-02
-3.070082996556792755e-07,3.913745428802693077e-02
-3.054301746556793092e-07,3.924936674302925699e-02
-3.038520496556792899e-07,3.930469340688690083e-02
-3.022739246556793235e-07,3.927858333893814030e-02
-3.006957996556793042e-07,3.917424963771649199e-02
-2.991176746556792849e-07,3.902458770777268715e-02
-2.975395496556793185e-07,3.888262366920639673e-02
-2.959614246556792992e-07,3.880378268770150185e-02
-2.943832996556792799e-07,3.882535440681376959e-02
-2.928051746556793136e-07,3.895023402977865201e-02
-2.912270496556792943e-07,3.914194966703100215e-02
-2.896489246556792750e-07,3.933378876742792130e-02
-2.880707996556793086e-07,3.945051528297348342e-02
-2.864926746556792893e-07,3.943615988214972667e-02
-2.849145496556793229e-07,3.927790986858765987e-02
-2.833364246556793036e-07,3.901720764345643216e-02
-2.817582996556792843e-07,3.874168558920661198e-02
-2.801801746556793180e-07,3.855840503564667704e-02
-2.786020496556792987e-07,3.855591961242808147e-02
-2.770239246556792794e-07,3.876748910749600735e-02
-2.754457996556793130e-07,3.914934331340944734e-02
-2.738676746556792937e-07,3.958367269689760243e-02
-2.722895496556792744e-07,3.990860443638082761e-02
-2.707114246556793080e-07,3.996812925515697695e-02
-2.691332996556792887e-07,3.966674284465729339e-02
-2.675551746556793224e-07,3.901117999203059655e-02
-2.659770496556793031e-07,3.812343637455507805e-02
-2.643989246556792838e-07,3.721748674063136281e-02
-2.628207996556793174e-07,3.654388880322095162e-02
-2.612426746556792981e-07,3.631783348134594303e-02
-2.596645496556792788e-07,3.665105220109333289e-02
-2.580864246556793125e-07,3.751044478181664310e-02
-2.565082996556792932e-07,3.871684627341012708e-02
-2.549301746556792739e-07,3.998681140026545677e-02
-2.533520496556793075e-07,4.100642162327650803e-02
-2.517739246556792882e-07,4.151532399855246969e-02
-2.501957996556793218e-07,4.137750972551414164e-02
-2.486176746556793025e-07,4.061701725336404334e-02
-2.470395496556792832e-07,3.940860291313950936e-02
-2.454614246556793169e-07,3.802646493223932334e-02
-2.438832996556792976e-07,3.676795006613758215e-02
-2.423051746556792783e-07,3.587418464086652298e-02
-2.407270496556793119e-07,3.547104973953706802e-02
-2.391489246556792926e-07,3.554645149309804825e-02
-2.375707996556792998e-07,3.596817246511117838e-02
-2.359926746556793069e-07,3.653395294810989763e-02
-2.344145496556792876e-07,3.703645090995766331e-02
-2.328364246556792948e-07,3.732291546696853840e-02
-2.312582996556793020e-07,3.733224647214036102e-02
-2.296801746556793091e-07,3.710057538810680733e-02
-2.281020496556792898e-07,3.673699516751115224e-02
-2.265239246556792970e-07,3.638006941456509852e-02
-2.249457996556793042e-07,3.615026494362485326e-02
-2.233676746556793113e-07,3.611344791400541293e-02
-2.217895496556792920e-07,3.626527215974394841e-02
-2.202114246556792992e-07,3.653957059823993714e-02
-2.186332996556793064e-07,3.683459517401303784e-02
-2.170551746556792871e-07,3.704815058018404855e-02
-2.154770496556792942e-07,3.710976042918544271e-02
-2.138989246556793014e-07,3.700046085944321689e-02
-2.123207996556793086e-07,3.675643090849071981e-02
-2.107426746556792893e-07,3.645640522031105141e-02
-2.091645496556792965e-07,3.619877941599731336e-02
-2.075864246556793036e-07,3.607530983584487233e-02
-2.060082996556793108e-07,3.614841825051758745e-02
-2.044301746556792915e-07,3.643725372718870786e-02
-2.028520496556792987e-07,3.691362162033622746e-02
-2.012739246556793058e-07,3.750806585772868684e-02
-1.996957996556793130e-07,3.812339950616973339e-02
-1.981176746556792937e-07,3.865261506461949159e-02
-1.965395496556793009e-07,3.899814370448984741e-02
-1.949614246556793080e-07,3.908958182548392252e-02
-1.933832996556792887e-07,3.889783805865901223e-02
-1.918051746556792959e-07,3.844321188009402340e-02
-1.902270496556793031e-07,3.779543962907110088e-02
-1.886489246556793102e-07,3.706480664244254930e-02
-1.870707996556792909e-07,3.638408498422863319e-02
-1.854926746556792981e-07,3.588403724797188665e-02
-1.839145496556793053e-07,3.566642761162328035e-02
-1.823364246556793124e-07,3.578067527430728312e-02
-1.807582996556792931e-07,3.621053494212571333e-02
-1.791801746556793003e-07,3.687422795418179855e-02
-1.776020496556793075e-07,3.764011613905114684e-02
-1.760239246556792882e-07,3.835495555200513912e-02
-1.744457996556792953e-07,3.887820077756930920e-02
-1.728676746556793025e-07,3.911375831600721192e-02
-1.712895496556793097e-07,3.903079118943378334e-02
-1.697114246556792904e-07,3.866819722604058346e-02
-1.681332996556792976e-07,3.812142933202083278e-02
-1.665551746556793047e-07,3.751546268312661025e-02
-1.649770496556793119e-07,3.697185803177457236e-02
-1.633989246556792926e-07,3.657910173712781293e-02
-1.618207996556792998e-07,3.637434922475078769e-02
-1.602426746556793069e-07,3.634120797410186204e-02
-1.586645496556792876e-07,3.642301012533694787e-02
-1.570864246556792948e-07,3.654672710358015247e-02
-1.555082996556793020e-07,3.664843278001671256e-02
-1.539301746556793091e-07,3.669289458540422183e-02
-1.523520496556792898e-07,3.668076251935020737e-02
-1.507739246556792970e-07,3.664188542851225944e-02
-1.491957996556793042e-07,3.661804461647478331e-02
-1.476176746556793113e-07,3.664147090018673308e-02
-1.460395496556792920e-07,3.671719028381142252e-02
-1.444614246556792992e-07,3.681585926531426300e-02
-1.428832996556793064e-07,3.687986702605861727e-02
-1.413051746556792871e-07,3.684104870325070891e-02
-1.397270496556792942e-07,3.664467362649775212e-02
-1.381489246556793014e-07,3.627129836684411107e-02
-1.365707996556793086e-07,3.575009402088159122e-02
-1.349926746556792893e-07,3.515855962959087838e-02
-1.334145496556792964e-07,3.460802326186324107e-02
-1.318364246556793036e-07,3.421944923830721325e-02
-1.302582996556793108e-07,3.409413836315793728e-02
-1.286801746556792915e-07,3.428903595768124229e-02
-1.271020496556792986e-07,3.480452561427026248e-02
-1.255239246556793058e-07,3.557220699141126069e-02
-1.239457996556793130e-07,3.648888392625204702e-02
-1.223676746556791878e-07,3.741947863005831709e-02
-1.207895496556793009e-07,3.823014375173631324e-02
-1.192114246556793080e-07,3.882323057474836026e-02
-1.176332996556793020e-07,3.911547475490775860e-02
-1.160551746556792959e-07,3.911847514023501782e-02
-1.144770496556793031e-07,3.886605804462105185e-02
-1.128989246556792970e-07,3.842100821527068277e-02
-1.113207996556793042e-07,3.787752012301646293e-02
-1.097426746556792981e-07,3.728925419416211778e-02
-1.081645496556793053e-07,3.676987322421090831e-02
-1.065864246556792992e-07,3.638251486766724829e-02
-1.050082996556793064e-07,3.616032815900462744e-02
-1.034301746556793003e-07,3.612608801781302253e-02
-1.018520496556792942e-07,3.623561775529390155e-02
-1.002739246556793014e-07,3.650501489593382248e-02
-9.869579965567932180e-08,3.690758438339160341e-02
-9.711767465567924956e-08,3.740112576434220792e-02
-9.553954965567928320e-08,3.794645900911101238e-02
-9.396142465567931684e-08,3.845787631038143084e-02
-9.238329965567924460e-08,3.891262177186891047e-02
-9.080517465567927824e-08,3.926600926406664804e-02
-8.922704965567931187e-08,3.947888727470903747e-02
-8.764892465567934551e-08,3.953998141780137865e-02
-8.607079965567927327e-08,3.942923580393013078e-02
-8.449267465567930691e-08,3.921097562846354717e-02
-8.291454965567934055e-08,3.895522211933157009e-02
-8.133642465567926831e-08,3.874112002820895989e-02
-7.975829965567930195e-08,3.863969645370046724e-02
-7.818017465567933558e-08,3.869788005480381127e-02
-7.660204965567926334e-08,3.890703505272589957e-02
-7.502392465567929698e-08,3.922406976637574788e-02
-7.344579965567933062e-08,3.954653191046707261e-02
-7.186767465567925838e-08,3.974961217749015119e-02
-7.028954965567929202e-08,3.972844515273620675e-02
-6.871142465567932566e-08,3.941951958329004135e-02
-6.713329965567925342e-08,3.885643350441882193e-02
-6.555517465567928705e-08,3.813734696004125041e-02
-6.397704965567932069e-08,3.741516261755441219e-02
-6.239892465567924845e-08,3.686186624775832782e-02
-6.082079965567928209e-08,3.660211391387518248e-02
-5.924267465567932235e-08,3.670502713510252757e-02
-5.766454965567934937e-08,3.712737304920873255e-02
-5.608642465567927713e-08,3.773883379513427727e-02
-5.450829965567931077e-08,3.837093627655493999e-02
-5.293017465567933779e-08,3.885637953469398692e-02
-5.135204965567927216e-08,3.911818627451382757e-02
-4.977392465567931242e-08,3.915744073821428306e-02
-4.819579965567933944e-08,3.905831163694137992e-02
-4.661767465567926720e-08,3.895464460336844903e-02
-4.503954965567930084e-08,3.895252601556076222e-02
-4.346142465567932786e-08,3.911554376700816793e-02
-4.188329965567926223e-08,3.939722040891228266e-02
-4.030517465567930249e-08,3.966650380662609110e-02
-3.872704965567932951e-08,3.976532474209316936e-02
-3.714892465567925727e-08,3.955767063280939827e-02
-3.557079965567929091e-08,3.902946833878038341e-02
-3.399267465567931793e-08,3.827126029293999310e-02
-3.241454965567925231e-08,3.746682078620260786e-02
-3.083642465567929256e-08,3.683666689275066908e-02
-2.925829965567931958e-08,3.653734345587478921e-02
-2.768017465567934991e-08,3.664186751558304311e-02
-2.610204965567928098e-08,3.707871688079807798e-02
-2.452392465567931131e-08,3.768074690930697801e-02
-2.294579965567935157e-08,3.827089564445382980e-02
-2.136767465567927933e-08,3.872422970253992791e-02
-1.978954965567930966e-08,3.906299629860118805e-02
-1.821142465567933999e-08,3.939705557661127289e-02
-1.663329965567927105e-08,3.985544488600963747e-02
-1.505517465567930138e-08,4.048239231034982122e-02
-1.347704965567933998e-08,4.112969214441507260e-02
-1.189892465567926940e-08,4.151233800547925179e-02
-1.032079965567929973e-08,4.130250824371665269e-02
-8.742674655679333367e-09,4.040614501408403003e-02
-7.164549655679261126e-09,3.929817810649118004e-02
-5.586424655679294764e-09,3.927950435919599220e-02
-4.008299655679328403e-09,4.264166423529124755e-02
-2.430174655679256162e-09,5.247389605517400329e-02
-8.520496556792898004e-10,7.224084146533071848e-02
7.260753443206765612e-10,1.051334925869126941e-01
2.304200344320748802e-09,1.533059506625414903e-01
3.882325344320715163e-09,2.172902209336748103e-01
5.460450344320682352e-09,2.956095468040577101e-01
7.038575344320647887e-09,3.848555981573835161e-01
8.616700344320720127e-09,4.801832753279007271e-01
1.019482534432068980e-08,5.760772731832138893e-01
1.177295034432064954e-08,6.672776089307164149e-01
1.335107534432073005e-08,7.495620173014109211e-01
1.492920034432069145e-08,8.202541024477063569e-01
1.650732534432066112e-08,8.783293303940787888e-01
1.808545034432073006e-08,9.240935273943855499e-01
1.966357534432069973e-08,9.586156818627691312e-01
2.124170034432065947e-08,9.831340227601087500e-01
2.281982534432074164e-08,9.985743167649919760e-01
2.439795034432070138e-08,1.005346271460469953e+00
2.597607534432067105e-08,1.003414710327872106e+00
2.755420034432073998e-08,9.926011189279734248e-01
2.913232534432070965e-08,9.730485548094458537e-01
3.071045034432067271e-08,9.455634584809773369e-01
3.228857534432073833e-08,9.117513319928541859e-01
3.386670034432071131e-08,8.739038121739400866e-01
3.544482534432067767e-08,8.345566695074758679e-01
3.702295034432063741e-08,7.961413876931235922e-01
3.860107534432072289e-08,7.605323154300882571e-01
4.017920034432068263e-08,7.288055974059204356e-01
4.175732534432064900e-08,7.012358062714073581e-01
4.333545034432072124e-08,6.774247873709529078e-01
4.491357534432068760e-08,6.567130482056174889e-01
4.649170034432064734e-08,6.384894128465673502e-01
4.806982534432073282e-08,6.224347192778915128e-01
4.964795034432069256e-08,6.086020230146658161e-01
5.122607534432065892e-08,5.972556888615636606e-01
5.280420034432073116e-08,5.887253852392747566e-01
5.438232534432069753e-08,5.831512665248352878e-01
5.596045034432065727e-08,5.803338904515679131e-01
5.753857534432074275e-08,5.797189174626783403e-01
5.911670034432070249e-08,5.804505412877459802e-01
6.069482534432066885e-08,5.816248450903799272e-01
6.227295034432074109e-08,5.824829559056455830e-01
6.385107534432070745e-08,5.825732197357258446e-01
6.542920034432067382e-08,5.818118470989578350e-01
6.700732534432064018e-08,5.803667280877674584e-01
6.858545034432071242e-08,5.785628990858713294e-01
7.016357534432067878e-08,5.766982092614295619e-01
7.174170034432064514e-08,5.749198128313181000e-01
7.331982534432071738e-08,5.731853144077908579e-01
7.489795034432068374e-08,5.712530164829713319e-01
7.647607534432065010e-08,5.688294982865240712e-01
7.805420034432072235e-08,5.656790643581112166e-01
7.963232534432068871e-08,5.617250015684425168e-01
8.121045034432065507e-08,5.570964481178809491e-01
8.278857534432072731e-08,5.520532976536821623e-01
8.436670034432069367e-08,5.469427741398573684e-01
8.594482534432066003e-08,5.420885487286976057e-01
8.752295034432073227e-08,5.377128650620111028e-01
8.910107534432069863e-08,5.339079599577615243e-01
9.067920034432066500e-08,5.306099458936549551e-01
9.225732534432073724e-08,5.276841901990428907e-01
9.383545034432070360e-08,5.249849682556227970e-01
9.541357534432066996e-08,5.224159692089332951e-01
9.699170034432063632e-08,5.199662350814835410e-01
9.856982534432070856e-08,5.176664113373201648e-01
1.001479503443207014e-07,5.155810321089231429e-01
1.017260753443206016e-07,5.137583764344719750e-01
1.033042003443207003e-07,5.121988653270136416e-01
1.048823253443207064e-07,5.108514564761674759e-01
1.064604503443206065e-07,5.095950771360503451e-01
1.080385753443207053e-07,5.082931966235628707e-01
1.096167003443206981e-07,5.068280781945420088e-01
1.111948253443207042e-07,5.051325311377651284e-01
1.127729503443206970e-07,5.032087276761596506e-01
1.143510753443207031e-07,5.010907634659584886e-01
1.159292003443206959e-07,4.988384678723575272e-01
1.175073253443207019e-07,4.965098284397391204e-01
1.190854503443206948e-07,4.941428162746410724e-01
1.206635753443206876e-07,4.917561465258927234e-01
1.222417003443207069e-07,4.893328938885013746e-01
1.238198253443206997e-07,4.868517013954630213e-01
1.253979503443206926e-07,4.843093977720890897e-01
1.269760753443206060e-07,4.817371833282269034e-01
1.285542003443207047e-07,4.792093837360837938e-01
1.301323253443206975e-07,4.768104131638249976e-01
1.317104503443206110e-07,4.746210330378379805e-01
1.332885753443207097e-07,4.726966658503596874e-01
1.348667003443207025e-07,4.710483374298752857e-01
1.364448253443205895e-07,4.696364696316073783e-01
1.380229503443206882e-07,4.683707631069957134e-01
1.396010753443207075e-07,4.671221361580427112e-01
1.411792003443205944e-07,4.657601522743566869e-01
1.427573253443206931e-07,4.641816056106887745e-01
1.443354503443207124e-07,4.623296018760013060e-01
1.459135753443207053e-07,4.602310552931940246e-01
1.474917003443206981e-07,4.579614590649557226e-01
1.490698253443206909e-07,4.556448732774793231e-01
1.506479503443207102e-07,4.534131148928565169e-01
1.522260753443207031e-07,4.513662925440166118e-01
1.538042003443206959e-07,4.495277987440247092e-01
1.553823253443206887e-07,4.478945725255099042e-01
1.569604503443207080e-07,4.463631720050952878e-01
1.585385753443207009e-07,4.448007884638083831e-01
1.601167003443206937e-07,4.430723224265925020e-01
1.616948253443206071e-07,4.410689732275699937e-01
1.632729503443207058e-07,4.388086460754099249e-01
1.648510753443206986e-07,4.363682212888663758e-01
1.664292003443206121e-07,4.339126285868319943e-01
1.680073253443207108e-07,4.316392398250897267e-01
1.695854503443207036e-07,4.297091596286153892e-01
1.711635753443205906e-07,4.282388386096875887e-01
1.727417003443206893e-07,4.272073667255872897e-01
1.743198253443207086e-07,4.264846155727560206e-01
1.758979503443205955e-07,4.258504869615342137e-01
1.774760753443206942e-07,4.250436926784864067e-01
1.790542003443206871e-07,4.238604852840088255e-01
1.806323253443207064e-07,4.221770569319076016e-01
1.822104503443206992e-07,4.200067001160796010e-01
1.837885753443206920e-07,4.174877675326794102e-01
1.853667003443207113e-07,4.148358499875712257e-01
1.869448253443207042e-07,4.123012101623917958e-01
1.885229503443206970e-07,4.100701045601399808e-01
1.901010753443206898e-07,4.082325210768131818e-01
1.916792003443206033e-07,4.067565785486085828e-01
1.932573253443207020e-07,4.055007488175422226e-01
1.948354503443206948e-07,4.042853798722346181e-01
1.964135753443206082e-07,4.029272993334698238e-01
1.979917003443207069e-07,4.013153888813340009e-01
1.995698253443206998e-07,3.994362477521142818e-01
2.011479503443206132e-07,3.973654873881892202e-01
2.027260753443207119e-07,3.952564138166195229e-01
2.043042003443207047e-07,3.932584456633774761e-01
2.058823253443205917e-07,3.914830507542251259e-01
2.074604503443206904e-07,3.899610501062285017e-01
2.090385753443207097e-07,3.886280471809929749e-01
2.106167003443205966e-07,3.873682068856150740e-01
2.121948253443206953e-07,3.860297046703308199e-01
2.137729503443206882e-07,3.844934040472781089e-01
2.153510753443207075e-07,3.827062462550741007e-01
2.169292003443207003e-07,3.806915481797280010e-01
2.185073253443206931e-07,3.785586228348168936e-01
2.200854503443207124e-07,3.764438182630983065e-01
2.216635753443205994e-07,3.744853309434145183e-01
2.232417003443206981e-07,3.727774454115229119e-01
2.248198253443206909e-07,3.713399004241573764e-01
2.263979503443206044e-07,3.701334012967296139e-01
2.279760753443207031e-07,3.690527287334586237e-01
2.295542003443206959e-07,3.679746799829490267e-01
2.311323253443206093e-07,3.667865087149044800e-01
2.327104503443207080e-07,3.654066106738239061e-01
2.342885753443207009e-07,3.638150090521917179e-01
2.358667003443205878e-07,3.620278165263707826e-01
2.374448253443207130e-07,3.601008118085771148e-01
2.390229503443206794e-07,3.581061603251092795e-01
2.406010753443205928e-07,3.561096025328706061e-01
2.421792003443207180e-07,3.541761793885919163e-01
2.437573253443206843e-07,3.523419685715981076e-01
2.453354503443207036e-07,3.506304976950490038e-01
2.469135753443207229e-07,3.490496974198232794e-01
2.484917003443206893e-07,3.475876494953433760e-01
2.500698253443207086e-07,3.462297443987709111e-01
2.516479503443206220e-07,3.449361641447851734e-01
2.532260753443206943e-07,3.436607128966773228e-01
2.548042003443207136e-07,3.423527808778680792e-01
2.563823253443205740e-07,3.409628082898060186e-01
2.579604503443206992e-07,3.394713880656174965e-01
2.595385753443207185e-07,3.378780944711158862e-01
2.611167003443205790e-07,3.362215199275800925e-01
2.626948253443207042e-07,3.345689976210198258e-01
2.642729503443207235e-07,3.329996364303949852e-01
2.658510753443205840e-07,3.315775588049906797e-01
2.674292003443207091e-07,3.303497121645950774e-01
2.690073253443206755e-07,3.293067382950430888e-01
2.705854503443205889e-07,3.283977211778774108e-01
2.721635753443207141e-07,3.275377323705883081e-01
2.737417003443206805e-07,3.266263658071703047e-01
2.753198253443205939e-07,3.255932782440011941e-01
2.768979503443207191e-07,3.243948411409521837e-01
2.784760753443206854e-07,3.230385101205356935e-01
2.800542003443207047e-07,3.215706974801257889e-01
2.816323253443207240e-07,3.200521356045740173e-01
2.832104503443206904e-07,3.185508999397015928e-01
2.847885753443207097e-07,3.170975257482869236e-01
2.863667003443206231e-07,3.156909396740951168e-01
2.879448253443206954e-07,3.142991670227244794e-01
2.895229503443207147e-07,3.128730142882015230e-01
2.911010753443205751e-07,3.113873796727263943e-01
2.926792003443207003e-07,3.098372214460531904e-01
2.942573253443207196e-07,3.082580979023147871e-01
2.958354503443205801e-07,3.067100348738823201e-01
2.974135753443207053e-07,3.052481776362729882e-01
2.989917003443207246e-07,3.039115183264807785e-01
3.005698253443205851e-07,3.026800740201152085e-01
3.021479503443207103e-07,3.014869535263032807e-01
3.037260753443206766e-07,3.002322924770706170e-01
3.053042003443205900e-07,2.988143056705626077e-01
3.068823253443207152e-07,2.971866519740233858e-01
3.084604503443206816e-07,2.953683606613349832e-01
3.100385753443205950e-07,2.934656870157413833e-01
3.116167003443207202e-07,2.916458686330735128e-01
3.131948253443206865e-07,2.900853296316284191e-01
3.147729503443207058e-07,2.889276008283063746e-01
3.163510753443206193e-07,2.882113366709428970e-01
3.179292003443206915e-07,2.878592368954391856e-01
3.195073253443207108e-07,2.876848875437492126e-01
3.210854503443206242e-07,2.874350800805368089e-01
3.226635753443206965e-07,2.868744474528825972e-01
3.242417003443207158e-07,2.858360298373602837e-01
3.258198253443205763e-07,2.842840637107796886e-01
3.273979503443207014e-07,2.823210568549144872e-01
3.289760753443207207e-07,2.801522604667022742e-01
3.305542003443205812e-07,2.780367347869144856e-01
3.321323253443207064e-07,2.761918186624985894e-01
3.337104503443207257e-07,2.747420110074710875e-01
3.352885753443205862e-07,2.736826254834924810e-01
3.368667003443207114e-07,2.728852693937033891e-01
3.384448253443206777e-07,2.721600229320447206e-01
3.400229503443205911e-07,2.713058737707402246e-01
3.416010753443207163e-07,2.701908098294351079e-01
3.431792003443206827e-07,2.687909852531220056e-01
3.447573253443205961e-07,2.671919156353617097e-01
3.463354503443206154e-07,2.655698725671972737e-01
3.479135753443206877e-07,2.641154023896395975e-01
3.494917003443207070e-07,2.629820508771107956e-01
3.510698253443206204e-07,2.622338797198662252e-01
3.526479503443206926e-07,2.618231637222765973e-01
3.542260753443208178e-07,2.616202167654789745e-01
3.558042003443206253e-07,2.614397666680798871e-01
3.573823253443206976e-07,2.611079367075169744e-01
3.589604503443208228e-07,2.605058305360595239e-01
3.605385753443205774e-07,2.595903825047894964e-01
3.621167003443207025e-07,2.584040729590068031e-01
3.636948253443206160e-07,2.570311772275153950e-01
3.652729503443205823e-07,2.555720495751296895e-01
3.668510753443207075e-07,2.541046793945193061e-01
3.684292003443206209e-07,2.526609965335266939e-01
3.700073253443205873e-07,2.512397797762446761e-01
3.715854503443207125e-07,2.498083557169976932e-01
3.731635753443206259e-07,2.483402015142769925e-01
3.747417003443205923e-07,2.468332690876715863e-01
3.763198253443207174e-07,2.453144937911787005e-01
3.778979503443205779e-07,2.438435792502315902e-01
3.794760753443207031e-07,2.424771961567190881e-01
3.810542003443207224e-07,2.412570168686866134e-01
3.826323253443205829e-07,2.401898401930853133e-01
3.842104503443207081e-07,2.392438567732345089e-01
3.857885753443206744e-07,2.383572361272958962e-01
3.873667003443205878e-07,2.374745253198234096e-01
3.889448253443207130e-07,2.365508540186984088e-01
3.905229503443206794e-07,2.355775220507516088e-01
3.921010753443205928e-07,2.345772538218413028e-01
3.936792003443207180e-07,2.335855708880731907e-01
3.952573253443206844e-07,2.326420698754363137e-01
3.968354503443205978e-07,2.317527653380067887e-01
3.984135753443207230e-07,2.308934153793414934e-01
3.999917003443206893e-07,2.300139812318257038e-01
4.015698253443206027e-07,2.290570528807029937e-01
4.031479503443206750e-07,2.279980177696885046e-01
4.047260753443206943e-07,2.268481574384572930e-01
4.063042003443206077e-07,2.256688574428828975e-01
4.078823253443206799e-07,2.245503353893212040e-01
4.094604503443208051e-07,2.235741103007974906e-01
4.110385753443206127e-07,2.227878542414077068e-01
4.126167003443206849e-07,2.221612115238300045e-01
4.141948253443208101e-07,2.215929096842247925e-01
4.157729503443206176e-07,2.209318867451489921e-01
4.173510753443206899e-07,2.200214957527812931e-01
4.189292003443208150e-07,2.187680099161088132e-01
4.205073253443206226e-07,2.171691108694339123e-01
4.220854503443206948e-07,2.153407276914023061e-01
4.236635753443206083e-07,2.134919924967348115e-01
4.252417003443205746e-07,2.118663442017078014e-01
4.268198253443206998e-07,2.106804967396450068e-01
4.283979503443206132e-07,2.100408975324672134e-01
4.299760753443205796e-07,2.099138812402787102e-01
4.315542003443207048e-07,2.101247340543355990e-01
4.331323253443206182e-07,2.104003716187247963e-01
4.347104503443205845e-07,2.104573223663560033e-01
4.362885753443207097e-07,2.100700137801631007e-01
4.378667003443206231e-07,2.091449479528615096e-01
4.394448253443205895e-07,2.077421603310216913e-01
4.410229503443207147e-07,2.060495555521877076e-01
4.426010753443205752e-07,2.043323494673003893e-01
4.441792003443205945e-07,2.028387058341896976e-01
4.457573253443207197e-07,2.017361241402733096e-01
4.473354503443205801e-07,2.010645999368312897e-01
4.489135753443207053e-07,2.007315419740662021e-01
4.504917003443207246e-07,2.005605977644936977e-01
4.520698253443205851e-07,2.003411447403611878e-01
4.536479503443207103e-07,1.999041425684743023e-01
4.552260753443206766e-07,1.991666433729430974e-01
4.568042003443205901e-07,1.981431298030796873e-01
4.583823253443207152e-07,1.969358141823313035e-01
4.599604503443206816e-07,1.956765225418717058e-01
4.615385753443205950e-07,1.944851259313966907e-01
4.631167003443207202e-07,1.934274718904850920e-01
4.646948253443206866e-07,1.924979815799781890e-01
4.662729503443206000e-07,1.916428518190521069e-01
4.678510753443207252e-07,1.907809558621952895e-01
4.694292003443206915e-07,1.898521447194176925e-01
4.710073253443206050e-07,1.888435204701973125e-01
4.725854503443206772e-07,1.877939906638889100e-01
4.741635753443206965e-07,1.867875488229032988e-01
4.757417003443206099e-07,1.859080929377363023e-01
4.773198253443206822e-07,1.852117244786153916e-01
4.788979503443207544e-07,1.846983605130770867e-01
4.804760753443206149e-07,1.843037281355366930e-01
4.820542003443206871e-07,1.839263841391862997e-01
4.836323253443207594e-07,1.834500988203041916e-01
4.852104503443206198e-07,1.827914291253981971e-01
4.867885753443206921e-07,1.819263907116087098e-01
4.883667003443205526e-07,1.808966947850829121e-01
4.899448253443206248e-07,1.798044230462861881e-01
4.915229503443206971e-07,1.787682234815790028e-01
4.931010753443205575e-07,1.778923225704832911e-01
4.946792003443206298e-07,1.772306369780712876e-01
4.962573253443207020e-07,1.767692401157011095e-01
4.978354503443205625e-07,1.764283419939569886e-01
4.994135753443206347e-07,1.760969130120964010e-01
5.009917003443207070e-07,1.756533782832437052e-01
5.025698253443205675e-07,1.750086589130518122e-01
5.041479503443206397e-07,1.741268152509763134e-01
5.057260753443207119e-07,1.730289712125331891e-01
5.073042003443205724e-07,1.717927886512606028e-01
5.088823253443206447e-07,1.705161562233865058e-01
5.104604503443207169e-07,1.692982044776508987e-01
5.120385753443205774e-07,1.682130380716894136e-01
5.136167003443206496e-07,1.672939030178068887e-01
5.151948253443207219e-07,1.665422047504218073e-01
5.167729503443205824e-07,1.659248719905981884e-01
5.183510753443206546e-07,1.653979445504160095e-01
5.199292003443207268e-07,1.649194800079900880e-01
5.215073253443205873e-07,1.644575452273686067e-01
5.230854503443206596e-07,1.640027714467477971e-01
5.246635753443207318e-07,1.635519924072421916e-01
5.262417003443205923e-07,1.631075248409623868e-01
5.278198253443206645e-07,1.626651454672611019e-01
5.293979503443207368e-07,1.622051755625444069e-01
5.309760753443205972e-07,1.617006135202387063e-01
5.325542003443206695e-07,1.611108213662114097e-01
5.341323253443207417e-07,1.603990950142877014e-01
5.357104503443206022e-07,1.595418300707135972e-01
5.372885753443206744e-07,1.585357568952570906e-01
5.388667003443207467e-07,1.574112671431502908e-01
5.404448253443206072e-07,1.562190872135743036e-01
5.420229503443206794e-07,1.550285384736929117e-01
5.436010753443207517e-07,1.539109674912325088e-01
5.451792003443206121e-07,1.529216393768688120e-01
5.467573253443206844e-07,1.520953584413395898e-01
5.483354503443205449e-07,1.514293503431015930e-01
5.499135753443206171e-07,1.508924967820748086e-01
5.514917003443206893e-07,1.504333126128857001e-01
5.530698253443205498e-07,1.499931816554002928e-01
5.546479503443206221e-07,1.495309390304613018e-01
5.562260753443206943e-07,1.490247086362563866e-01
5.578042003443205548e-07,1.484828987989585958e-01
5.593823253443206270e-07,1.479363252869649037e-01
5.609604503443206993e-07,1.474221311450241989e-01
5.625385753443205598e-07,1.469739206993750935e-01
5.641167003443206320e-07,1.465968275076152127e-01
5.656948253443207042e-07,1.462667269919767921e-01
5.672729503443205647e-07,1.459314014318154051e-01
5.688510753443206370e-07,1.455217731456301955e-01
5.704292003443207092e-07,1.449794444351056033e-01
5.720073253443205697e-07,1.442668476561790869e-01
5.735854503443206419e-07,1.433875434823735084e-01
5.751635753443207142e-07,1.423863220320397138e-01
5.767417003443205746e-07,1.413366970109720122e-01
5.783198253443206469e-07,1.403280725811268115e-01
5.798979503443207191e-07,1.394336603952666120e-01
5.814760753443205796e-07,1.386973939732754069e-01
5.830542003443206518e-07,1.381224595687791101e-01
5.846323253443207241e-07,1.376720975887817111e-01
5.862104503443205846e-07,1.372906523077472019e-01
5.877885753443206568e-07,1.369151771816315977e-01
5.893667003443207291e-07,1.365011597976794888e-01
5.909448253443205895e-07,1.360330308312281133e-01
5.925229503443206618e-07,1.355231075743379976e-01
5.941010753443207340e-07,1.350079039985336016e-01
5.956792003443205945e-07,1.345219922288022896e-01
5.972573253443206667e-07,1.340853323566154054e-01
5.988354503443207390e-07,1.336885680118085062e-01
6.004135753443205995e-07,1.332887485662239135e-01
6.019917003443206717e-07,1.328256310274268936e-01
6.035698253443207439e-07,1.322332554313525865e-01
6.051479503443206044e-07,1.314696654712911028e-01
6.067260753443206767e-07,1.305354159677563075e-01
6.083042003443207489e-07,1.294812645128292083e-01
6.098823253443206094e-07,1.284088628277549882e-01
6.114604503443206816e-07,1.274434287715925096e-01
6.130385753443205421e-07,1.267087918731042984e-01
6.146167003443206144e-07,1.262922643270162903e-01
6.161948253443206866e-07,1.262165152245774968e-01
6.177729503443205471e-07,1.264241030395404919e-01
6.193510753443206193e-07,1.267904734343532069e-01
6.209292003443206916e-07,1.271389670646420056e-01
6.225073253443205520e-07,1.272860599429825046e-01
6.240854503443206243e-07,1.270839673242588064e-01
6.256635753443206965e-07,1.264573612403850911e-01
6.272417003443205570e-07,1.254321068670916084e-01
6.288198253443206292e-07,1.241249897410180991e-01
6.303979503443207015e-07,1.227232550362492985e-01
6.319760753443205620e-07,1.214375653109309033e-01
6.335542003443206342e-07,1.204469953110754998e-01
6.351323253443207065e-07,1.198593070034491004e-01
6.367104503443205669e-07,1.196740485549366989e-01
6.382885753443206392e-07,1.197880859661571012e-01
6.398667003443207114e-07,1.200217774930172066e-01
6.414448253443205719e-07,1.201665344918058931e-01
6.430229503443206441e-07,1.200483802931686939e-01
6.446010753443207164e-07,1.195682333350484988e-01
6.461792003443205769e-07,1.187336230233621004e-01
6.477573253443206491e-07,1.176531689038340933e-01
6.493354503443207213e-07,1.165021164724008990e-01
6.509135753443205818e-07,1.154768127246019044e-01
6.524917003443206541e-07,1.147316386250172016e-01
6.540698253443207263e-07,1.143417395738837994e-01
6.556479503443205868e-07,1.142839535520407956e-01
6.572260753443206590e-07,1.144470771805936038e-01
6.588042003443207313e-07,1.146743292446957968e-01
6.603823253443205918e-07,1.148042616237131969e-01
6.619604503443206640e-07,1.147209186715662937e-01
6.635385753443207362e-07,1.143804226719148942e-01
6.651167003443205967e-07,1.138128815796950050e-01
6.666948253443206690e-07,1.131081927881747995e-01
6.682729503443207412e-07,1.123737113368324936e-01
6.698510753443206017e-07,1.117022129230919036e-01
6.714292003443206739e-07,1.111436655425732944e-01
6.730073253443205344e-07,1.106952468065874051e-01
6.745854503443206066e-07,1.103174488398137032e-01
6.761635753443206789e-07,1.099508927946613035e-01
6.777417003443205394e-07,1.095471349754520984e-01
6.793198253443206116e-07,1.090856091255098942e-01
6.808979503443206838e-07,1.085761072428795965e-01
6.824760753443205443e-07,1.080532583921974960e-01
6.840542003443206166e-07,1.075505991876217066e-01
6.856323253443206888e-07,1.070859487976953961e-01
6.872104503443205493e-07,1.066499777611857047e-01
6.887885753443206215e-07,1.062083726523131016e-01
6.903667003443206938e-07,1.057231773041799050e-01
6.919448253443205543e-07,1.051679689393879985e-01
6.935229503443206265e-07,1.045504528405687972e-01
6.951010753443206987e-07,1.039164339977037971e-01
6.966792003443205592e-07,1.033375058822709053e-01
6.982573253443206315e-07,1.028919296849517967e-01
6.998354503443207037e-07,1.026297143709952037e-01
7.014135753443205642e-07,1.025547734531171012e-01
7.029917003443206364e-07,1.026169444327988955e-01
7.045698253443207087e-07,1.027230747766564034e-01
7.061479503443205692e-07,1.027697469182796974e-01
7.077260753443206414e-07,1.026709535988975935e-01
7.093042003443207136e-07,1.023893030520551944e-01
7.108823253443205741e-07,1.019446695329054020e-01
7.124604503443206464e-07,1.014015425103042961e-01
7.140385753443207186e-07,1.008451859897639968e-01
7.156167003443205791e-07,1.003415086540191958e-01
7.171948253443206513e-07,9.991458852006072922e-02
7.187729503443207236e-07,9.953712270652151362e-02
7.203510753443205840e-07,9.914308640217982249e-02
7.219292003443206563e-07,9.866325584606244758e-02
7.235073253443207285e-07,9.805614623931838136e-02
7.250854503443205890e-07,9.733839991906774458e-02
7.266635753443206612e-07,9.658794659224166634e-02
7.282417003443207335e-07,9.592200400741562882e-02
7.298198253443205940e-07,9.545456367900158334e-02
7.313979503443206662e-07,9.525569556925882198e-02
7.329760753443205267e-07,9.531210009197610411e-02
7.345542003443205989e-07,9.552597195764882254e-02
7.361323253443206712e-07,9.574046293048904532e-02
7.377104503443205317e-07,9.579007572899313205e-02
7.392885753443206039e-07,9.556455524376550326e-02
7.408667003443206761e-07,9.504713449529925140e-02
7.424448253443205366e-07,9.433117728787779321e-02
7.440229503443206089e-07,9.359165898061834465e-02
7.456010753443206811e-07,9.302415045308147501e-02
7.471792003443205416e-07,9.277632646863792631e-02
7.487573253443206138e-07,9.288176020337382544e-02
7.503354503443206861e-07,9.323829267225325346e-02
7.519135753443205465e-07,9.362845059259741753e-02
7.534917003443206188e-07,9.378241467452513858e-02
7.550698253443206910e-07,9.346952224725861569e-02
7.566479503443205515e-07,9.257390891700367774e-02
7.582260753443206238e-07,9.114632459648834562e-02
7.598042003443206960e-07,8.939951622595257441e-02
7.613823253443205565e-07,8.765132889533691629e-02
7.629604503443206287e-07,8.623810361195721752e-02
7.645385753443207010e-07,8.541097067430203360e-02
7.661167003443205614e-07,8.526582511222395577e-02
7.676948253443206337e-07,8.571628081631739449e-02
7.692729503443207059e-07,8.652257982617855836e-02
7.708510753443205664e-07,8.737131036443429588e-02
7.724292003443206386e-07,8.796606781208914094e-02
7.740073253443207109e-07,8.811658656837656478e-02
7.755854503443205714e-07,8.778626432511757449e-02
7.771635753443206436e-07,8.708867279308903087e-02
7.787417003443207159e-07,8.624187032380320472e-02
7.803198253443205763e-07,8.548458200680861263e-02
7.818979503443206486e-07,8.499967969548646862e-02
7.834760753443207208e-07,8.485736904696804250e-02
7.850542003443205813e-07,8.499969772846639737e-02
7.866323253443206535e-07,8.527327175394383563e-02
7.882104503443207258e-07,8.548425537803287788e-02
7.897885753443205863e-07,8.547061427407906531e-02
7.913667003443206585e-07,8.515552090807540497e-02
7.929448253443207307e-07,8.456884230128887403e-02
7.945229503443205912e-07,8.383614813047791936e-02
7.961010753443206635e-07,8.312872148381698911e-02
7.976792003443205239e-07,8.260837289089256741e-02
7.992573253443205962e-07,8.237368770571680543e-02
8.008354503443206684e-07,8.242876218445921443e-02
8.024135753443205289e-07,8.268735178943595332e-02
8.039917003443206012e-07,8.299630083604936370e-02
8.055698253443206734e-07,8.318465655633348887e-02
8.071479503443205339e-07,8.311019158974958243e-02
8.087260753443206061e-07,8.269376279904512572e-02
8.103042003443206784e-07,8.193717537002997986e-02
8.118823253443205388e-07,8.091113463952699647e-02
8.134604503443206111e-07,7.973429965099874950e-02
8.150385753443206833e-07,7.854078322722524153e-02
8.166167003443205438e-07,7.744999531939282533e-02
8.181948253443206160e-07,7.655038743149278346e-02
8.197729503443206883e-07,7.588777895611079072e-02
8.213510753443205488e-07,7.547125110613259191e-02
8.229292003443206210e-07,7.528099842186035395e-02
8.245073253443206932e-07,7.527718318908688255e-02
8.260854503443205537e-07,7.541094103982630414e-02
8.276635753443206260e-07,7.562472602237986508e-02
8.292417003443206982e-07,7.585805899180284029e-02
8.308198253443205587e-07,7.604981950666671320e-02
8.323979503443206309e-07,7.614265368952674584e-02
8.339760753443207032e-07,7.609370873782159150e-02
8.355542003443205637e-07,7.587964956278037132e-02
8.371323253443206359e-07,7.550641637392881134e-02
8.387104503443207081e-07,7.501060930446587505e-02
8.402885753443205686e-07,7.445453514400411643e-02
8.418667003443206409e-07,7.391364128248315013e-02
8.434448253443207131e-07,7.346392924893230258e-02
8.450229503443205736e-07,7.315979975611959507e-02
8.466010753443206458e-07,7.302298163058346114e-02
8.481792003443207181e-07,7.303465675141813940e-02
8.497573253443205786e-07,7.313679945517190251e-02
8.513354503443206508e-07,7.324700592285277034e-02
8.529135753443207230e-07,7.327171466221982232e-02
8.544917003443205835e-07,7.312985236647737142e-02
8.560698253443206558e-07,7.277091098437832306e-02
8.576479503443205162e-07,7.218720348052157232e-02
8.592260753443205885e-07,7.142153084647291650e-02
8.608042003443206607e-07,7.055739630211975422e-02
8.623823253443205212e-07,6.970706008627890193e-02
8.639604503443205934e-07,6.898953381452932465e-02
8.655385753443206657e-07,6.850621552864441521e-02
8.671167003443205262e-07,6.832316869366766854e-02
8.686948253443205984e-07,6.845238140579366914e-02
8.702729503443206706e-07,6.884977067994729749e-02
8.718510753443205311e-07,6.942083163191199724e-02
8.734292003443206034e-07,7.003653843513547861e-02
8.750073253443206756e-07,7.056046534070599396e-02
8.765854503443205361e-07,7.087074553411984446e-02
8.781635753443206083e-07,7.088601867726332384e-02
8.797417003443206806e-07,7.057989982692322584e-02
8.813198253443205411e-07,6.998423737828539382e-02
8.828979503443206133e-07,6.918405848541495096e-02
8.844760753443206855e-07,6.829562795739642367e-02
8.860542003443205460e-07,6.744451298082178303e-02
8.876323253443206183e-07,6.673927675347728072e-02
8.892104503443206905e-07,6.624958864940368175e-02
8.907885753443205510e-07,6.599731607046609161e-02
8.923667003443206232e-07,6.595150120787662829e-02
8.939448253443206955e-07,6.604074550911860630e-02
8.955229503443205559e-07,6.617044358262788584e-02
8.971010753443206282e-07,6.624414812471800251e-02
8.986792003443207004e-07,6.618725905362304873e-02
9.002573253443205609e-07,6.595961697750223063e-02
9.018354503443206332e-07,6.556509807704653803e-02
9.034135753443207054e-07,6.504841846750687717e-02
9.049917003443205659e-07,6.448278517857919390e-02
9.065698253443206381e-07,6.395469011654146552e-02
9.081479503443207104e-07,6.354022913803697437e-02
9.097260753443205708e-07,6.328895618488195041e-02
9.113042003443206431e-07,6.321064903413389779e-02
9.128823253443207153e-07,6.327075071787163774e-02
9.144604503443205758e-07,6.339882848122732617e-02
9.160385753443206480e-07,6.350017044992045667e-02
9.176167003443207203e-07,6.347846999684238212e-02
9.191948253443205808e-07,6.325745594726824017e-02
9.207729503443206530e-07,6.279916311879162050e-02
9.223510753443205135e-07,6.211771738932635178e-02
9.239292003443205857e-07,6.127715564598935211e-02
9.255073253443206580e-07,6.038293720328492820e-02
9.270854503443205185e-07,5.956116941649759744e-02
9.286635753443205907e-07,5.893216222220117734e-02
9.302417003443206629e-07,5.858715701912566021e-02
9.318198253443205234e-07,5.856560265582057279e-02
9.333979503443205957e-07,5.884738360603285201e-02
9.349760753443206679e-07,5.935516416449217875e-02
9.365542003443205284e-07,5.996863330845946666e-02
9.381323253443206006e-07,6.055046796396913733e-02
9.397104503443206729e-07,6.097032843108975836e-02
9.412885753443205333e-07,6.113107254333070839e-02
9.428667003443206056e-07,6.098487506433621780e-02
9.444448253443206778e-07,6.053846801873014744e-02
9.460229503443205383e-07,5.985031110694079282e-02
9.476010753443206106e-07,5.901373698257594141e-02
9.491792003443206828e-07,5.814041481820472757e-02
9.507573253443205433e-07,5.734041200076796935e-02
9.523354503443206155e-07,5.670539244568281734e-02
9.539135753443206878e-07,5.629976242387865065e-02
9.554917003443205482e-07,5.615352651693875791e-02
9.570698253443206205e-07,5.626410673307850885e-02
9.586479503443206927e-07,5.659926549775998877e-02
9.602260753443205532e-07,5.710226283966506750e-02
9.618042003443206254e-07,5.769765421343474310e-02
9.633823253443206977e-07,5.830117051676016876e-02
9.649604503443205582e-07,5.882541795300481879e-02
9.665385753443206304e-07,5.919245080801414927e-02
9.681167003443207026e-07,5.934464225072422217e-02
9.696948253443205631e-07,5.925460206987921002e-02
9.712729503443206354e-07,5.893424996458102028e-02
9.728510753443207076e-07,5.843243845572401035e-02
9.744292003443205681e-07,5.782950611419356013e-02
9.760073253443206403e-07,5.722158505239859777e-02
9.775854503443207126e-07,5.669993831730570089e-02
9.791635753443205731e-07,5.633256915231944079e-02
9.807417003443206453e-07,5.614579061138753185e-02
9.823198253443205058e-07,5.611953253048192203e-02
9.838979503443205780e-07,5.619196973743532941e-02
9.854760753443206503e-07,5.627498358247110671e-02
9.870542003443205107e-07,5.627928857611851771e-02
9.886323253443205830e-07,5.613558675986893287e-02
9.902104503443206552e-07,5.581478944057932656e-02
9.917885753443205157e-07,5.533547712273634289e-02
9.933667003443205880e-07,5.475877512449926071e-02
9.949448253443206602e-07,5.417453278772028230e-02
9.965229503443205207e-07,5.367639541594027008e-02
9.981010753443205929e-07,5.334009265789890764e-02
9.996792003443206652e-07,5.320500427877534327e-02
1.001257325344320949e-06,5.326536337315689734e-02
1.002835450344321021e-06,5.347499233161082111e-02
1.004413575344321094e-06,5.375726940752219990e-02
1.005991700344320954e-06,5.402473912747952217e-02
1.007569825344321026e-06,5.419753079372793131e-02
1.009147950344321099e-06,5.421810130489806284e-02
1.010726075344320959e-06,5.406207750898212733e-02
