-6.008471036326653295e-07,3.663898562081153304e-02
-5.992689786326653631e-07,3.643264598932988846e-02
-5.976908536326652909e-07,3.620185266358390969e-02
-5.961127286326653245e-07,3.608085030491701289e-02
-5.945346036326653581e-07,3.619398166144927736e-02
-5.929564786326652859e-07,3.660036223165878677e-02
-5.913783536326653195e-07,3.725903315663964960e-02
-5.898002286326653532e-07,3.802998987560782945e-02
-5.882221036326652809e-07,3.871342288218544703e-02
-5.866439786326653146e-07,3.911506304519885707e-02
-5.850658536326653482e-07,3.911487869499651049e-02
-5.834877286326653818e-07,3.871418109544712272e-02
-5.819096036326653096e-07,3.804260956689377304e-02
-5.803314786326653432e-07,3.732026930879531884e-02
-5.787533536326653769e-07,3.678655385300356323e-02
-5.771752286326653046e-07,3.661977949443300656e-02
-5.755971036326653383e-07,3.687556578832029697e-02
-5.740189786326653719e-07,3.746615218754389270e-02
-5.724408536326652997e-07,3.818900588955031344e-02
-5.708627286326653333e-07,3.879580866339552708e-02
-5.692846036326653670e-07,3.907755548619157998e-02
-5.677064786326652947e-07,3.893717271350320697e-02
-5.661283536326653284e-07,3.842350741481413701e-02
-5.645502286326653620e-07,3.771469550654289044e-02
-5.629721036326652897e-07,3.705649728742504284e-02
-5.613939786326653234e-07,3.667724790415283209e-02
-5.598158536326653570e-07,3.670863225187757234e-02
-5.582377286326652848e-07,3.714011694196003854e-02
-5.566596036326653184e-07,3.782279741095701669e-02
-5.550814786326653521e-07,3.852114291880179980e-02
-5.535033536326652798e-07,3.899420780738870745e-02
-5.519252286326653135e-07,3.907847726037704666e-02
-5.503471036326653471e-07,3.874363455744467277e-02
-5.487689786326653807e-07,3.810239312238986042e-02
-5.471908536326653085e-07,3.737156953192397046e-02
-5.456127286326653421e-07,3.679830108536116806e-02
-5.440346036326653758e-07,3.657714663454950804e-02
-5.424564786326653035e-07,3.678556756525105942e-02
-5.408783536326653372e-07,3.735923774646957712e-02
-5.393002286326653708e-07,3.811440863346166746e-02
-5.377221036326652986e-07,3.880831800631991124e-02
-5.361439786326653322e-07,3.921716830225244199e-02
-5.345658536326653658e-07,3.920533742029264773e-02
-5.329877286326652936e-07,3.876426687099934765e-02
-5.314096036326653272e-07,3.800980367018311212e-02
-5.298314786326653609e-07,3.714095598657699698e-02
-5.282533536326653945e-07,3.637589374389772756e-02
-5.266752286326653223e-07,3.588610183748040111e-02
-5.250971036326653559e-07,3.574968915839907280e-02
-5.235189786326653896e-07,3.593697873342373283e-02
-5.219408536326653173e-07,3.633027784966833679e-02
-5.203627286326653510e-07,3.676842136134728795e-02
-5.187846036326653846e-07,3.710023418442211229e-02
-5.172064786326653123e-07,3.722941390337747292e-02
-5.156283536326653460e-07,3.713763821813213795e-02
-5.140502286326653796e-07,3.688123059807756066e-02
-5.124721036326653074e-07,3.656455108531810744e-02
-5.108939786326653410e-07,3.630153026710229019e-02
-5.093158536326653747e-07,3.617795092368974313e-02
-5.077377286326653024e-07,3.622629888208085680e-02
-5.061596036326653361e-07,3.641967217162635911e-02
-5.045814786326653697e-07,3.668461537962065810e-02
-5.030033536326652975e-07,3.692730683289859039e-02
-5.014252286326653311e-07,3.706414651183798786e-02
-4.998471036326653647e-07,3.704736605677236283e-02
-4.982689786326652925e-07,3.687907026845872738e-02
-4.966908536326653261e-07,3.661010848817469049e-02
-4.951127286326653598e-07,3.632597398594841070e-02
-4.935346036326652875e-07,3.612376425976863287e-02
-4.919564786326653212e-07,3.608674372554281778e-02
-4.903783536326653548e-07,3.626317584957360063e-02
-4.888002286326652826e-07,3.665329780953995031e-02
-4.872221036326653162e-07,3.720773471344002159e-02
-4.856439786326653498e-07,3.783683132113847825e-02
-4.840658536326653835e-07,3.842870527926708218e-02
-4.824877286326653112e-07,3.887208083713797335e-02
-4.809096036326653449e-07,3.907906703244756058e-02
-4.793314786326653785e-07,3.900354210814754863e-02
-4.777533536326653063e-07,3.865146783240001882e-02
-4.761752286326652870e-07,3.808096223755298715e-02
-4.745971036326653736e-07,3.739198260450284778e-02
-4.730189786326653013e-07,3.670782456166109264e-02
-4.714408536326652820e-07,3.615194497553427672e-02
-4.698627286326654215e-07,3.582453056628914084e-02
-4.682846036326652963e-07,3.578368104260345323e-02
-4.667064786326652770e-07,3.603496539304371082e-02
-4.651283536326654166e-07,3.653119579967498143e-02
-4.635502286326652914e-07,3.718209774736185719e-02
-4.619721036326653250e-07,3.787186188839594680e-02
-4.603939786326654116e-07,3.848079956223419279e-02
-4.588158536326652864e-07,3.890648047091321143e-02
-4.572377286326653201e-07,3.908094034001210332e-02
-4.556596036326654066e-07,3.898064728704501297e-02
-4.540814786326652815e-07,3.862846572653368810e-02
-4.525033536326653151e-07,3.808772540672555884e-02
-4.509252286326652958e-07,3.745015054725288339e-02
-4.493471036326652765e-07,3.682030320354048869e-02
-4.477689786326653101e-07,3.629892887915171784e-02
-4.461908536326652908e-07,3.596781804619372108e-02
-4.446127286326653774e-07,3.587809367114482700e-02
-4.430346036326653052e-07,3.604323923048913247e-02
-4.414564786326652859e-07,3.643749893708778803e-02
-4.398783536326654254e-07,3.699948488470793800e-02
-4.383002286326654061e-07,3.764084374433941671e-02
-4.367221036326652809e-07,3.825895323511623036e-02
-4.351439786326654204e-07,3.875246382597845318e-02
-4.335658536326652952e-07,3.903701650929247702e-02
-4.319877286326652759e-07,3.905988421203172856e-02
-4.304096036326654155e-07,3.881036461384620301e-02
-4.288314786326652903e-07,3.832390002846464139e-02
-4.272533536326653239e-07,3.767846248414354754e-02
-4.256752286326654105e-07,3.698290978183330774e-02
-4.240971036326652853e-07,3.635910354360345764e-02
-4.225189786326653190e-07,3.591999261817622330e-02
-4.209408536326654055e-07,3.574799721099081173e-02
-4.193627286326652803e-07,3.587805819388410755e-02
-4.177846036326653140e-07,3.628960586058276733e-02
-4.162064786326652947e-07,3.690870916768203974e-02
-4.146283536326653813e-07,3.762149938037309682e-02
-4.130502286326653090e-07,3.829618901956066690e-02
-4.114721036326652897e-07,3.880926201283962235e-02
-4.098939786326653763e-07,3.906994901407628146e-02
-4.083158536326654099e-07,3.903808917058720213e-02
-4.067377286326652848e-07,3.873108422873650092e-02
-4.051596036326654243e-07,3.821837550073114292e-02
-4.035814786326654050e-07,3.760474992210111056e-02
-4.020033536326652798e-07,3.700671139639218760e-02
-4.004252286326654193e-07,3.652692719903997270e-02
-3.988471036326652941e-07,3.623317476241599833e-02
-3.972689786326652748e-07,3.614606747149509691e-02
-3.956908536326654143e-07,3.623837128395779317e-02
-3.941127286326652892e-07,3.644562206086190970e-02
-3.925346036326653228e-07,3.668490730887306178e-02
-3.909564786326654094e-07,3.687703797718001192e-02
-3.893783536326652842e-07,3.696650240115600256e-02
-3.878002286326653178e-07,3.693422107722454939e-02
-3.862221036326654044e-07,3.680001346066041207e-02
-3.846439786326653851e-07,3.661446703875995828e-02
-3.830658536326653129e-07,3.644250165467476099e-02
-3.814877286326652936e-07,3.634315043742798734e-02
-3.799096036326653802e-07,3.635123385835287158e-02
-3.783314786326654138e-07,3.646604773958130735e-02
-3.767533536326652886e-07,3.665086615470416337e-02
-3.751752286326653752e-07,3.684314988049750689e-02
-3.735971036326654088e-07,3.697362123636625114e-02
-3.720189786326652836e-07,3.698866393915443279e-02
-3.704408536326654232e-07,3.686934547602725709e-02
-3.688627286326654039e-07,3.664158495828564316e-02
-3.672846036326652787e-07,3.637297235866433776e-02
-3.657064786326654182e-07,3.615677930126146716e-02
-3.641283536326652930e-07,3.608668065190297203e-02
-3.625502286326652737e-07,3.622895004153830339e-02
-3.609721036326654132e-07,3.660059617134466675e-02
-3.593939786326652881e-07,3.715939768529497728e-02
-3.578158536326653746e-07,3.781029035899653723e-02
-3.562377286326654083e-07,3.842671112479750795e-02
-3.546596036326652831e-07,3.888134059187876856e-02
-3.530814786326654226e-07,3.907779029577131830e-02
-3.515033536326654033e-07,3.897470858755994888e-02
-3.499252286326652781e-07,3.859533290044277892e-02
-3.483471036326654176e-07,3.802023487075552322e-02
-3.467689786326652925e-07,3.736572038205934754e-02
-3.451908536326653261e-07,3.675533734146822079e-02
-3.436127286326654127e-07,3.629179264500642654e-02
-3.420346036326652875e-07,3.603790323521394168e-02
-3.404564786326653741e-07,3.601050078075949262e-02
-3.388783536326654077e-07,3.618717155685634984e-02
-3.373002286326652825e-07,3.652147178400297345e-02
-3.357221036326654221e-07,3.695993183860626224e-02
-3.341439786326652969e-07,3.745479585337496697e-02
-3.325658536326652776e-07,3.796876178817233660e-02
-3.309877286326654171e-07,3.847182790968334265e-02
-3.294096036326652919e-07,3.893368225685370915e-02
-3.278314786326653785e-07,3.931738012614018063e-02
-3.262533536326654121e-07,3.957874317841072326e-02
-3.246752286326652869e-07,3.967349189889544936e-02
-3.230971036326654265e-07,3.957056136306370125e-02
-3.215189786326654072e-07,3.926590501437753761e-02
-3.199408536326652820e-07,3.879186520850620712e-02
-3.183627286326654215e-07,3.821596400666824739e-02
-3.167846036326652963e-07,3.762809065495503064e-02
-3.152064786326652770e-07,3.711867103666954132e-02
-3.136283536326654165e-07,3.675510392330762210e-02
-3.120502286326652914e-07,3.656346576683044275e-02
-3.104721036326653779e-07,3.652270532453744112e-02
-3.088939786326654116e-07,3.657380895828447193e-02
-3.073158536326652864e-07,3.664152963079325698e-02
-3.057377286326654259e-07,3.666162983721218960e-02
-3.041596036326654066e-07,3.660474463171734666e-02
-3.025814786326652814e-07,3.648818364202104786e-02
-3.010033536326654209e-07,3.637157672618113180e-02
-2.994252286326652958e-07,3.633693221116193750e-02
-2.978471036326652765e-07,3.645969351120609964e-02
-2.962689786326654160e-07,3.677910896758518344e-02
-2.946908536326652908e-07,3.727877051068072267e-02
-2.931127286326653774e-07,3.788346859907815167e-02
-2.915346036326654110e-07,3.847444678130595291e-02
-2.899564786326652858e-07,3.891879967407377988e-02
-2.883783536326654254e-07,3.910537472160133254e-02
-2.868002286326654061e-07,3.897622152706711751e-02
-2.852221036326652809e-07,3.854484410235625019e-02
-2.836439786326654204e-07,3.789554541483287214e-02
-2.820658536326652952e-07,3.716363000316583870e-02
-2.804877286326653818e-07,3.650202582864753298e-02
-2.789096036326654154e-07,3.604271690677553208e-02
-2.773314786326652902e-07,3.586343084206723708e-02
-2.757533536326653768e-07,3.596852610719483700e-02
-2.741752286326654105e-07,3.628968011618848716e-02
-2.725971036326652853e-07,3.670533938410990016e-02
-2.710189786326654248e-07,3.707494355342313280e-02
-2.694408536326654055e-07,3.727833425358614144e-02
-2.678627286326652803e-07,3.724984890530416703e-02
-2.662846036326654198e-07,3.699733540642106272e-02
-2.647064786326652947e-07,3.660098096658914724e-02
-2.631283536326653812e-07,3.619099174897671273e-02
-2.615502286326654149e-07,3.591042018670820984e-02
-2.599721036326652897e-07,3.587324882191290920e-02
-2.583939786326653763e-07,3.612993686583915176e-02
-2.568158536326654099e-07,3.665132338895635278e-02
-2.552377286326652847e-07,3.733577059038237916e-02
-2.536596036326654242e-07,3.803899234266609058e-02
-2.520814786326654049e-07,3.861765849772885728e-02
-2.505033536326653856e-07,3.897323493627669749e-02
-2.489252286326654193e-07,3.908191693297143748e-02
-2.473471036326652941e-07,3.900043611130361160e-02
-2.457689786326653807e-07,3.884451504800961325e-02
-2.441908536326654143e-07,3.874626331496527215e-02
-2.426127286326652891e-07,3.880421060779565973e-02
-2.410346036326653757e-07,3.904326816025584235e-02
-2.394564786326654094e-07,3.939950430875031190e-02
-2.378783536326653106e-07,3.973669247414055722e-02
-2.363002286326653972e-07,3.989133656230699210e-02
-2.347221036326654044e-07,3.973225896605721286e-02
-2.331439786326654116e-07,3.921500388976140866e-02
-2.315658536326653923e-07,3.841191625402406995e-02
-2.299877286326652936e-07,3.750473796448591801e-02
-2.284096036326654066e-07,3.673934300426980049e-02
-2.268314786326653873e-07,3.635450941199710323e-02
-2.252533536326652886e-07,3.650693998169907833e-02
-2.236752286326654016e-07,3.721542557933737311e-02
-2.220971036326654088e-07,3.834402576818420755e-02
-2.205189786326653101e-07,3.963123762199990269e-02
-2.189408536326653967e-07,4.075816771145535783e-02
-2.173627286326654038e-07,4.143508392683931119e-02
-2.157846036326654110e-07,4.148183883982609760e-02
-2.142064786326653917e-07,4.087701062740151797e-02
-2.126283536326652930e-07,3.976139813972347226e-02
-2.110502286326654060e-07,3.839508046958692300e-02
-2.094721036326654132e-07,3.708249843885969010e-02
-2.078939786326652880e-07,3.608817129840888316e-02
-2.063158536326654011e-07,3.556827523386216910e-02
-2.047377286326654082e-07,3.553775243540775730e-02
-2.031596036326653889e-07,3.588080312052226162e-02
-2.015814786326653961e-07,3.639899971550192986e-02
-2.000033536326654033e-07,3.687980218144464722e-02
-1.984252286326654105e-07,3.716377563327036282e-02
-1.968471036326653912e-07,3.718992969499160250e-02
-1.952689786326652924e-07,3.700697551724745071e-02
-1.936908536326654055e-07,3.674885987978430274e-02
-1.921127286326654127e-07,3.658488807159070155e-02
-1.905346036326652875e-07,3.666075055677110728e-02
-1.889564786326654005e-07,3.704908904713886258e-02
-1.873783536326654077e-07,3.772402657481700727e-02
-1.858002286326653884e-07,3.856639333667998687e-02
-1.842221036326653956e-07,3.939601081607126132e-02
-1.826439786326652969e-07,4.002175648206982711e-02
-1.810658536326654099e-07,4.029393146008605764e-02
-1.794877286326653906e-07,4.014466517186435213e-02
-1.779096036326652919e-07,3.960548101770638291e-02
-1.763314786326654049e-07,3.879924409524879853e-02
-1.747533536326654121e-07,3.790873494315161879e-02
-1.731752286326653928e-07,3.713096185936427818e-02
-1.715971036326654000e-07,3.662934220750045655e-02
-1.700189786326654071e-07,3.649577890442860795e-02
-1.684408536326653878e-07,3.673157881499414940e-02
-1.668627286326653950e-07,3.725096371032163289e-02
-1.652846036326652963e-07,3.790554942260623145e-02
-1.637064786326654093e-07,3.852287818046098294e-02
-1.621283536326653900e-07,3.894862189686992132e-02
-1.605502286326652913e-07,3.908204740796154819e-02
-1.589721036326654044e-07,3.889623274177742701e-02
-1.573939786326654115e-07,3.843870436766933657e-02
-1.558158536326653922e-07,3.781368889532325805e-02
-1.542377286326653994e-07,3.715218881212697249e-02
-1.526596036326654066e-07,3.657889584568289193e-02
-1.510814786326653873e-07,3.618508692333557986e-02
-1.495033536326653945e-07,3.601436903635635289e-02
-1.479252286326652957e-07,3.606350758388832123e-02
-1.463471036326654088e-07,3.629564875424463877e-02
-1.447689786326653895e-07,3.665929115780842268e-02
-1.431908536326652908e-07,3.710536299711639230e-02
-1.416127286326654038e-07,3.759643546638805067e-02
-1.400346036326654110e-07,3.810590527043439257e-02
-1.384564786326653917e-07,3.860908546842212880e-02
-1.368783536326653989e-07,3.907308901653670785e-02
-1.353002286326654060e-07,3.945083688002212069e-02
-1.337221036326654132e-07,3.968514902821899254e-02
-1.321439786326653939e-07,3.972304449389132269e-02
-1.305658536326652952e-07,3.953330799807888707e-02
-1.289877286326654082e-07,3.912675540261076335e-02
-1.274096036326653889e-07,3.856030476996530343e-02
-1.258314786326653961e-07,3.792949903692238722e-02
-1.242533536326654033e-07,3.735019120816405330e-02
-1.226752286326654104e-07,3.690598026552358024e-02
-1.210971036326653911e-07,3.665964513230750288e-02
-1.195189786326652924e-07,3.660078171019222337e-02
-1.179408536326654055e-07,3.666176312681829197e-02
-1.163627286326653994e-07,3.675534871921287000e-02
-1.147846036326654066e-07,3.676658567674943867e-02
-1.132064786326652946e-07,3.667427071324166898e-02
-1.116283536326653944e-07,3.649145973878160226e-02
-1.100502286326654016e-07,3.628472247750390289e-02
-1.084721036326653029e-07,3.616811562705300048e-02
-1.068939786326654027e-07,3.620967139743343916e-02
-1.053158536326653967e-07,3.650268170388602795e-02
-1.037377286326652979e-07,3.703710509210063340e-02
-1.021596036326653978e-07,3.771810487950748303e-02
-1.005814786326654049e-07,3.840412805340619878e-02
-9.900335363266533268e-08,3.889614734819005215e-02
-9.742522863266536632e-08,3.909503201088815327e-02
-9.584710363266539996e-08,3.894890314888636157e-02
-9.426897863266532772e-08,3.849486530087477265e-02
-9.269085363266536135e-08,3.786575777462507231e-02
-9.111272863266539499e-08,3.721235105490328793e-02
-8.953460363266532275e-08,3.674534056157612028e-02
-8.795647863266535639e-08,3.660568652741379159e-02
-8.637835363266539003e-08,3.684184937002270982e-02
-8.480022863266542367e-08,3.740510226493992674e-02
-8.322210363266535143e-08,3.812195055971386720e-02
-8.164397863266538507e-08,3.881051653721211830e-02
-8.006585363266541870e-08,3.926717287557846686e-02
-7.848772863266534646e-08,3.933678781760135273e-02
-7.690960363266538010e-08,3.895947972616802674e-02
-7.533147863266541374e-08,3.819715401656319231e-02
-7.375335363266534150e-08,3.721102748294124324e-02
-7.217522863266537514e-08,3.624775037143680018e-02
-7.059710363266540878e-08,3.554568040139786944e-02
-6.901897863266533654e-08,3.527752265518579317e-02
-6.744085363266537017e-08,3.550091925971567836e-02
-6.586272863266540381e-08,3.612039845181178738e-02
-6.428460363266533157e-08,3.693417753838405815e-02
-6.270647863266536521e-08,3.765982903915598284e-02
-6.112835363266539885e-08,3.803291406084525345e-02
-5.955022863266533322e-08,3.790257370431787676e-02
-5.797210363266536025e-08,3.727718796225690939e-02
-5.639397863266538727e-08,3.636494030382651788e-02
-5.481585363266542752e-08,3.548389230759416146e-02
-5.323772863266536190e-08,3.496914463162204001e-02
-5.165960363266538892e-08,3.505624326106641236e-02
-5.008147863266542256e-08,3.576635850998562821e-02
-4.850335363266535032e-08,3.690578155147934691e-02
-4.692522863266537734e-08,3.807896840830372887e-02
-4.534710363266541759e-08,3.882823010544295822e-02
-4.376897863266535197e-08,3.880763321782924880e-02
-4.219085363266537899e-08,3.791356660949162655e-02
-4.061272863266541263e-08,3.639063674320287128e-02
-3.903460363266534039e-08,3.474851607492827205e-02
-3.745647863266536741e-08,3.361566536884567219e-02
-3.587835363266540767e-08,3.352192749234753771e-02
-3.430022863266534204e-08,3.466654228692615802e-02
-3.272210363266536906e-08,3.683531761285262218e-02
-3.114397863266540270e-08,3.939026571470632260e-02
-2.956585363266533046e-08,4.146860653892121829e-02
-2.798772863266536079e-08,4.228526854151008763e-02
-2.640960363266540105e-08,4.141863853898188064e-02
-2.483147863266543138e-08,3.905287233325240720e-02
-2.325335363266535914e-08,3.594806792113788840e-02
-2.167522863266538947e-08,3.324125370900449239e-02
-2.009710363266542972e-08,3.207336804977108796e-02
-1.851897863266535086e-08,3.313763913448433684e-02
-1.694085363266539112e-08,3.639238821680112340e-02
-1.536272863266542145e-08,4.092535036370425344e-02
-1.378460363266534921e-08,4.517772995004056685e-02
-1.220647863266537954e-08,4.744447301161464070e-02
-1.062835363266541979e-08,4.649975558128806308e-02
-9.050228632665344245e-09,4.225600488693948692e-02
-7.472103632665377884e-09,3.610574086441326047e-02
-5.893978632665412349e-09,3.094218394305600986e-02
-4.315853632665339281e-09,3.076130111719418969e-02
-2.737728632665372920e-09,3.989861877340347002e-02
-1.159603632665406972e-09,6.217858351064538269e-02
4.185213673346656826e-10,1.000412390426446974e-01
1.996646367334632044e-09,1.540055979954723930e-01
3.574771367334597992e-09,2.225462970022462073e-01
5.152896367334670646e-09,3.023682509820426745e-01
6.731021367334637008e-09,3.890694571622944076e-01
8.309146367334603370e-09,4.778918436525830815e-01
9.887271367334569731e-09,5.644717960297386261e-01
1.146539636733464032e-08,6.453755498337094831e-01
1.304352136733460999e-08,7.182880064470054116e-01
1.462164636733456973e-08,7.819362100176862063e-01
1.619977136733465024e-08,8.358037321122783192e-01
1.777789636733460999e-08,8.797799131204411260e-01
1.935602136733457966e-08,9.138744228099400235e-01
2.093414636733464859e-08,9.380411553623815291e-01
2.251227136733462157e-08,9.521807872251402127e-01
2.409039636733458131e-08,9.563180746494813755e-01
2.566852136733466017e-08,9.507937587687258496e-01
2.724664636733461992e-08,9.364210018273606551e-01
2.882477136733458959e-08,9.145029685754272331e-01
3.040289636733466183e-08,8.867192245343538115e-01
3.198102136733462819e-08,8.549756005539507209e-01
3.355914636733458793e-08,8.211647073496939342e-01
3.513727136733466679e-08,7.869534425835890135e-01
3.671539636733463315e-08,7.536592999421334316e-01
3.829352136733459951e-08,7.221337895532832230e-01
3.987164636733457249e-08,6.929072715678762373e-01
4.144977136733463812e-08,6.662609053963779449e-01
4.302789636733459786e-08,6.423492543977129543e-01
4.460602136733457084e-08,6.212989955112755425e-01
4.618414636733464308e-08,6.031827980420988444e-01
4.776227136733460944e-08,5.880793347615929090e-01
4.934039636733458242e-08,5.760011373911636534e-01
5.091852136733464804e-08,5.668511074867640387e-01
5.249664636733460779e-08,5.604023087296187144e-01
5.407477136733458077e-08,5.562450714280140485e-01
5.565289636733465301e-08,5.538827711221365746e-01
5.723102136733461937e-08,5.527699287210636747e-01
5.880914636733459235e-08,5.523882091105895009e-01
6.038727136733465797e-08,5.523182345590054165e-01
6.196539636733462433e-08,5.522265117935637457e-01
6.354352136733459070e-08,5.519290240173092554e-01
6.512164636733466294e-08,5.513555072877683871e-01
6.669977136733462930e-08,5.505195464843616326e-01
6.827789636733459566e-08,5.494844024286845707e-01
6.985602136733456202e-08,5.482717634409657315e-01
7.143414636733463426e-08,5.468789302871005509e-01
7.301227136733460062e-08,5.452509361933703946e-01
7.459039636733456699e-08,5.432943750499265034e-01
7.616852136733463923e-08,5.409138024119055643e-01
7.774664636733460559e-08,5.380029081785928646e-01
7.932477136733457195e-08,5.345230897141975968e-01
8.090289636733464419e-08,5.305164117088003728e-01
8.248102136733461055e-08,5.261168445198858290e-01
8.405914636733457691e-08,5.215438215056442672e-01
8.563727136733464915e-08,5.170250469296173712e-01
8.721539636733461552e-08,5.127855178182165741e-01
8.879352136733458188e-08,5.089902854487399209e-01
9.037164636733465412e-08,5.057148653824223850e-01
9.194977136733462048e-08,5.029435266144188788e-01
9.352789636733458684e-08,5.005478052143910173e-01
9.510602136733465908e-08,4.983541805464494212e-01
9.668414636733462544e-08,4.961852009747613201e-01
9.826227136733459180e-08,4.939097150644121137e-01
9.984039636733455817e-08,4.914837075861380189e-01
1.014185213673346039e-07,4.889263364696889158e-01
1.029966463673345968e-07,4.863313613890219989e-01
1.045747713673346028e-07,4.838283002901863084e-01
1.061528963673345957e-07,4.815437035278523070e-01
1.077310213673346017e-07,4.795711782933358980e-01
1.093091463673345946e-07,4.779181953763690927e-01
1.108872713673346006e-07,4.765237766988151269e-01
1.124653963673345935e-07,4.752727901902653040e-01
1.140435213673345995e-07,4.740302470920716993e-01
1.156216463673346056e-07,4.726853684870520045e-01
1.171997713673345984e-07,4.711555748012852818e-01
1.187778963673346045e-07,4.694190892985031227e-01
1.203560213673347032e-07,4.675123999833623034e-01
1.219341463673345902e-07,4.655136033572419008e-01
1.235122713673346095e-07,4.635200973697282123e-01
1.250903963673347082e-07,4.615950912894454805e-01
1.266685213673345951e-07,4.597580836852985797e-01
1.282466463673345879e-07,4.579805254689618965e-01
1.298247713673346073e-07,4.561994689833200889e-01
1.314028963673346001e-07,4.543492263866231728e-01
1.329810213673345929e-07,4.523745043604762150e-01
1.345591463673346122e-07,4.502616925028072870e-01
1.361372713673346050e-07,4.480546184683276145e-01
1.377153963673345979e-07,4.458470762425346123e-01
1.392935213673345907e-07,4.437555429693079145e-01
1.408716463673346100e-07,4.418889403721852904e-01
1.424497713673346028e-07,4.402943481487482935e-01
1.440278963673345957e-07,4.389464504052809080e-01
1.456060213673345885e-07,4.377414457424482208e-01
1.471841463673346078e-07,4.365113480987901085e-01
1.487622713673346006e-07,4.350989952564056074e-01
1.503403963673345935e-07,4.333712194674637086e-01
1.519185213673346128e-07,4.312829220831698729e-01
1.534966463673346056e-07,4.288865289551648252e-01
1.550747713673347043e-07,4.263176941684576060e-01
1.566528963673345913e-07,4.237422981257151777e-01
1.582310213673346106e-07,4.213693311179447787e-01
1.598091463673347093e-07,4.193177446575510059e-01
1.613872713673345962e-07,4.176258639556205132e-01
1.629653963673345891e-07,4.162300164907520861e-01
1.645435213673346084e-07,4.149735786320615238e-01
1.661216463673346012e-07,4.137082034454770962e-01
1.676997713673345940e-07,4.122784606409368724e-01
1.692778963673345869e-07,4.106041234343237867e-01
1.708560213673346062e-07,4.086890557048991068e-01
1.724341463673345990e-07,4.066044354771384262e-01
1.740122713673345918e-07,4.044949247698014783e-01
1.755903963673346111e-07,4.024905812395763727e-01
1.771685213673346040e-07,4.006934908633670855e-01
1.787466463673345968e-07,3.991433042200310810e-01
1.803247713673345896e-07,3.978056555744787781e-01
1.819028963673346089e-07,3.966127171143746799e-01
1.834810213673346017e-07,3.954597999729260183e-01
1.850591463673345946e-07,3.942554201694953853e-01
1.866372713673345874e-07,3.929360212182607115e-01
1.882153963673346067e-07,3.914672543053179243e-01
1.897935213673347054e-07,3.898593129471505936e-01
1.913716463673345924e-07,3.881265083506306723e-01
1.929497713673346117e-07,3.862932130692995902e-01
1.945278963673346045e-07,3.843822614199389198e-01
1.961060213673345973e-07,3.824117609722432198e-01
1.976841463673345902e-07,3.804248682870894904e-01
1.992622713673346095e-07,3.784697755124576957e-01
2.008403963673346023e-07,3.766172292956184164e-01
2.024185213673345951e-07,3.749419154217256134e-01
2.039966463673345880e-07,3.734931847857417830e-01
2.055747713673346073e-07,3.722900450783870885e-01
2.071528963673346001e-07,3.712750542908906937e-01
2.087310213673345929e-07,3.703301126405550980e-01
2.103091463673346122e-07,3.692903188672823078e-01
2.118872713673346051e-07,3.679770273326837260e-01
2.134653963673345979e-07,3.662672233989298087e-01
2.150435213673345907e-07,3.641120638625373052e-01
2.166216463673346100e-07,3.615803136826011843e-01
2.181997713673346029e-07,3.588489414689103874e-01
2.197778963673345957e-07,3.561621187408308131e-01
2.213560213673345885e-07,3.537909522471807122e-01
2.229341463673346078e-07,3.519420048319452099e-01
2.245122713673344948e-07,3.507162847596516086e-01
2.260903963673345935e-07,3.500725912021315778e-01
2.276685213673346128e-07,3.498263853102516197e-01
2.292466463673346056e-07,3.497076646589182269e-01
2.308247713673345984e-07,3.494040158849833211e-01
2.324028963673345913e-07,3.486521257504271998e-01
2.339810213673346106e-07,3.472981652107989814e-01
2.355591463673346034e-07,3.453305842222196831e-01
2.371372713673345962e-07,3.428980882758363991e-01
2.387153963673346155e-07,3.402517242179987078e-01
2.402935213673345819e-07,3.376970824365781998e-01
2.418716463673346012e-07,3.355137044007424074e-01
2.434497713673346205e-07,3.338807401102272809e-01
2.450278963673345869e-07,3.328483046082703067e-01
2.466060213673346062e-07,3.323060301660801796e-01
2.481841463673346255e-07,3.320259548087894919e-01
2.497622713673345918e-07,3.317158127443439741e-01
2.513403963673346111e-07,3.310872040782523729e-01
2.529185213673345775e-07,3.299416222398828258e-01
2.544966463673344909e-07,3.281980481925528825e-01
2.560747713673346161e-07,3.259241137229859087e-01
2.576528963673345825e-07,3.233102511529948875e-01
2.592310213673344959e-07,3.206122615157734890e-01
2.608091463673346211e-07,3.180981749621974997e-01
2.623872713673345874e-07,3.159627239714046798e-01
2.639653963673346067e-07,3.142981177416905858e-01
2.655435213673346260e-07,3.130782537555029110e-01
2.671216463673345924e-07,3.121803793537015759e-01
2.686997713673346117e-07,3.114290820556541162e-01
2.702778963673345780e-07,3.106728992933672773e-01
2.718560213673345973e-07,3.098086914096062072e-01
2.734341463673346167e-07,3.088203136143640726e-01
2.750122713673345830e-07,3.077654361525213877e-01
2.765903963673346023e-07,3.067350409818017098e-01
2.781685213673346216e-07,3.058214287715798063e-01
2.797466463673345880e-07,3.050498608052805150e-01
2.813247713673346073e-07,3.043698828657657174e-01
2.829028963673345736e-07,3.036582846162529936e-01
2.844810213673345929e-07,3.027522128099658927e-01
2.860591463673346122e-07,3.015217658632222131e-01
2.876372713673345786e-07,2.999014039546122889e-01
2.892153963673344920e-07,2.979376108323623096e-01
2.907935213673346172e-07,2.957833103348163073e-01
2.923716463673345836e-07,2.936569792373491805e-01
2.939497713673344970e-07,2.917978108403789794e-01
2.955278963673346222e-07,2.903769381013397988e-01
2.971060213673345885e-07,2.894593335532800182e-01
2.986841463673346078e-07,2.889791612816072219e-01
3.002622713673345742e-07,2.887537269131851825e-01
3.018403963673345935e-07,2.885505330268426927e-01
3.034185213673346128e-07,2.881332491105579874e-01
3.049966463673345792e-07,2.873378539923812092e-01
3.065747713673345985e-07,2.861070065055826839e-01
3.081528963673346178e-07,2.844907710745819274e-01
3.097310213673345841e-07,2.826344333749639115e-01
3.113091463673346034e-07,2.807102038910184727e-01
3.128872713673346227e-07,2.788781849514067046e-01
3.144653963673345891e-07,2.772424559134866739e-01
3.160435213673346084e-07,2.758308187191843008e-01
3.176216463673345747e-07,2.746192487815117267e-01
3.191997713673344882e-07,2.735402994799486787e-01
3.207778963673346134e-07,2.725288279466874242e-01
3.223560213673345797e-07,2.715428737720438912e-01
3.239341463673344931e-07,2.705679503637503092e-01
3.255122713673346183e-07,2.696228580934578734e-01
3.270903963673345847e-07,2.687206604464790760e-01
3.286685213673346040e-07,2.678606224207800146e-01
3.302466463673346233e-07,2.670123644751887793e-01
3.318247713673345896e-07,2.661148686432984745e-01
3.334028963673346089e-07,2.651079270426573986e-01
3.349810213673345753e-07,2.639387367938038076e-01
3.365591463673345946e-07,2.625966395341545745e-01
3.381372713673346139e-07,2.611189194806903813e-01
3.397153963673345803e-07,2.595793949354759933e-01
3.412935213673345996e-07,2.580794110888440240e-01
3.428716463673346189e-07,2.567012214535399073e-01
3.444497713673345852e-07,2.554941624004392065e-01
3.460278963673346045e-07,2.544580164425684909e-01
3.476060213673346238e-07,2.535434516044743902e-01
3.491841463673344843e-07,2.526850418498073902e-01
3.507622713673346095e-07,2.518116816973823835e-01
3.523403963673345759e-07,2.508831278009779897e-01
3.539185213673344893e-07,2.498984526575958875e-01
3.554966463673346145e-07,2.488873417697549939e-01
3.570747713673346867e-07,2.479030437249190866e-01
3.586528963673344942e-07,2.469800770870874962e-01
3.602310213673346194e-07,2.461242430054108032e-01
3.618091463673346917e-07,2.453004431652154038e-01
3.633872713673346051e-07,2.444371708491110129e-01
3.649653963673346244e-07,2.434615469722208048e-01
3.665435213673344849e-07,2.423122717027282047e-01
3.681216463673346101e-07,2.409755666557207021e-01
3.696997713673345764e-07,2.394916569319875121e-01
3.712778963673344898e-07,2.379419081329083030e-01
3.728560213673346150e-07,2.364348342912944989e-01
3.744341463673345814e-07,2.350580368871121872e-01
3.760122713673344948e-07,2.338606815056256116e-01
3.775903963673346200e-07,2.328362745938606093e-01
3.791685213673345863e-07,2.319246899091330916e-01
3.807466463673344998e-07,2.310468456318950925e-01
3.823247713673346249e-07,2.301229063141962128e-01
3.839028963673345913e-07,2.291136771878075074e-01
3.854810213673345047e-07,2.280342251396018927e-01
3.870591463673345770e-07,2.269492527758927014e-01
3.886372713673345963e-07,2.259463107605914900e-01
3.902153963673345097e-07,2.251143327303297970e-01
3.917935213673345819e-07,2.244917172303093900e-01
3.933716463673347071e-07,2.240556263487966937e-01
3.949497713673345147e-07,2.237175784887046881e-01
3.965278963673345869e-07,2.233413759478037885e-01
3.981060213673347121e-07,2.227921631314936091e-01
3.996841463673345196e-07,2.219612683653409135e-01
4.012622713673345919e-07,2.208083954329491116e-01
4.028403963673347170e-07,2.193710885123527077e-01
4.044185213673345246e-07,2.177513484873518090e-01
4.059966463673345968e-07,2.160983629838179043e-01
4.075747713673347220e-07,2.145531754759268106e-01
4.091528963673344766e-07,2.132214558887562117e-01
4.107310213673346018e-07,2.121453210205576090e-01
4.123091463673346740e-07,2.112945550259990868e-01
4.138872713673344816e-07,2.105928662168964072e-01
4.154653963673346067e-07,2.099302602184359989e-01
4.170435213673346790e-07,2.092057380668911892e-01
4.186216463673344865e-07,2.083513057868059126e-01
4.201997713673346117e-07,2.073434445850088903e-01
4.217778963673346840e-07,2.062145918137484046e-01
4.233560213673344915e-07,2.050243225312378126e-01
4.249341463673346167e-07,2.038485117007075020e-01
4.265122713673344772e-07,2.027547458810693981e-01
4.280903963673344965e-07,2.017837293440294111e-01
4.296685213673346216e-07,2.009546703545783131e-01
4.312466463673344821e-07,2.002547342097104888e-01
4.328247713673346073e-07,1.996590201709924073e-01
4.344028963673345737e-07,1.991396073995874982e-01
4.359810213673344871e-07,1.986713982410482915e-01
4.375591463673346123e-07,1.982461865131688039e-01
4.391372713673345786e-07,1.978542628241972134e-01
4.407153963673344921e-07,1.974853609441712954e-01
4.422935213673346172e-07,1.971157481609970008e-01
4.438716463673345836e-07,1.966987448336112998e-01
4.454497713673344970e-07,1.961759545647757952e-01
4.470278963673346222e-07,1.954732868027433956e-01
4.486060213673345886e-07,1.945273648777106068e-01
4.501841463673345020e-07,1.933031321246350964e-01
4.517622713673345742e-07,1.918088638892181119e-01
4.533403963673345935e-07,1.901156359636075044e-01
4.549185213673345069e-07,1.883412795164413900e-01
4.564966463673345792e-07,1.866418030943778061e-01
4.580747713673347044e-07,1.851790885900627959e-01
4.596528963673345119e-07,1.840825802540987099e-01
4.612310213673345841e-07,1.834264882160712984e-01
4.628091463673347093e-07,1.831965395393717055e-01
4.643872713673345169e-07,1.832954073108163939e-01
4.659653963673345891e-07,1.835571051014457944e-01
4.675435213673347143e-07,1.837779722243426117e-01
4.691216463673345218e-07,1.837691164852122139e-01
4.706997713673345941e-07,1.833854699398909105e-01
4.722778963673347193e-07,1.825642180848038865e-01
4.738560213673344739e-07,1.813325552380432026e-01
4.754341463673345990e-07,1.797935387426597975e-01
4.770122713673346713e-07,1.781055364813171893e-01
4.785903963673345318e-07,1.764321264936969114e-01
4.801685213673346040e-07,1.749128956956265135e-01
4.817466463673346762e-07,1.736343341274562135e-01
4.833247713673345367e-07,1.726172403896354957e-01
4.849028963673346090e-07,1.718329759324770112e-01
4.864810213673346812e-07,1.712137278947457875e-01
4.880591463673345417e-07,1.706866431899428105e-01
4.896372713673346139e-07,1.701945549800243929e-01
4.912153963673344744e-07,1.697059486956286889e-01
4.927935213673345467e-07,1.692227961322259888e-01
4.943716463673346189e-07,1.687579116502515020e-01
4.959497713673344794e-07,1.683252290972838128e-01
4.975278963673345516e-07,1.679214372219753892e-01
4.991060213673346239e-07,1.675171052112993941e-01
5.006841463673344843e-07,1.670574734752028057e-01
5.022622713673345566e-07,1.664870380192360888e-01
5.038403963673346288e-07,1.657578405460753967e-01
5.054185213673344893e-07,1.648590774570536932e-01
5.069966463673345615e-07,1.638282175850251932e-01
5.085747713673346338e-07,1.627492280016502868e-01
5.101528963673344943e-07,1.617476193722351130e-01
5.117310213673345665e-07,1.609510079204853061e-01
5.133091463673346388e-07,1.604629466231040913e-01
5.148872713673344992e-07,1.603287308917633880e-01
5.164653963673345715e-07,1.605126745414852119e-01
5.180435213673346437e-07,1.609050733580364989e-01
5.196216463673345042e-07,1.613288054508011105e-01
5.211997713673345764e-07,1.615830926613739948e-01
5.227778963673346487e-07,1.614870329687344008e-01
5.243560213673345092e-07,1.609215554493909905e-01
5.259341463673345814e-07,1.598685986701209039e-01
5.275122713673346536e-07,1.584081767599120893e-01
5.290903963673345141e-07,1.567078152367581134e-01
5.306685213673345864e-07,1.549795636340141058e-01
5.322466463673346586e-07,1.534246085187659925e-01
5.338247713673345191e-07,1.521910488064417977e-01
5.354028963673345913e-07,1.513282447794843943e-01
5.369810213673346636e-07,1.507857809351861866e-01
5.385591463673345241e-07,1.504318499555890865e-01
5.401372713673345963e-07,1.500946139776556110e-01
5.417153963673346685e-07,1.496237431306114973e-01
5.432935213673345290e-07,1.489265030819003077e-01
5.448716463673346013e-07,1.479999734821811908e-01
5.464497713673346735e-07,1.469248935702041903e-01
5.480278963673345340e-07,1.458317531702869874e-01
5.496060213673346062e-07,1.448603302091925060e-01
5.511841463673344667e-07,1.441005872673241928e-01
5.527622713673345389e-07,1.435668852808998919e-01
5.543403963673346112e-07,1.431905595025722011e-01
5.559185213673344717e-07,1.428419143863889906e-01
5.574966463673345439e-07,1.423832856720622930e-01
5.590747713673346161e-07,1.417104510442259990e-01
5.606528963673344766e-07,1.407981193578770052e-01
5.622310213673345489e-07,1.397108679583098922e-01
5.638091463673346211e-07,1.385830294991541034e-01
5.653872713673344816e-07,1.375829884345020904e-01
5.669653963673345538e-07,1.368505025110225981e-01
5.685435213673346261e-07,1.364571111893738975e-01
5.701216463673344866e-07,1.363813879512069116e-01
5.716997713673345588e-07,1.365146590370185098e-01
5.732778963673346310e-07,1.367033786235090087e-01
5.748560213673344915e-07,1.367904395751279034e-01
5.764341463673345638e-07,1.366688707634164945e-01
5.780122713673346360e-07,1.363089158481879115e-01
5.795903963673344965e-07,1.357567139982022997e-01
5.811685213673345687e-07,1.351148970516267978e-01
5.827466463673346410e-07,1.344905161539561023e-01
5.843247713673345015e-07,1.339578459130197075e-01
5.859028963673345737e-07,1.335282464868056129e-01
5.874810213673346459e-07,1.331452391566332882e-01
5.890591463673345064e-07,1.327141631868208049e-01
5.906372713673345787e-07,1.321339388469892073e-01
5.922153963673346509e-07,1.313458476786386886e-01
5.937935213673345114e-07,1.303608353645543116e-01
5.953716463673345836e-07,1.292623031649411114e-01
5.969497713673346559e-07,1.281905160671406030e-01
5.985278963673345163e-07,1.272939981609728932e-01
6.001060213673345886e-07,1.266891691298946132e-01
6.016841463673346608e-07,1.264225071829347957e-01
6.032622713673345213e-07,1.264540197696912005e-01
6.048403963673345935e-07,1.266742555267554027e-01
6.064185213673346658e-07,1.269287621286885048e-01
6.079966463673345263e-07,1.270654064794692895e-01
6.095747713673345985e-07,1.269709957981638992e-01
6.111528963673346708e-07,1.265923841617556944e-01
6.127310213673345312e-07,1.259447081999640894e-01
6.143091463673346035e-07,1.250876827964794991e-01
6.158872713673344640e-07,1.241052428484046011e-01
6.174653963673345362e-07,1.230777868686449006e-01
6.190435213673346084e-07,1.220644513035113038e-01
6.206216463673344689e-07,1.210973082657988004e-01
6.221997713673345412e-07,1.201956974461043937e-01
6.237778963673346134e-07,1.193709444116474033e-01
6.253560213673344739e-07,1.186428915248162047e-01
6.269341463673345461e-07,1.180408796250437958e-01
6.285122713673346184e-07,1.175947174949360935e-01
6.300903963673344788e-07,1.173270248308418001e-01
6.316685213673345511e-07,1.172300831136366961e-01
6.332466463673346233e-07,1.172632946824556932e-01
6.348247713673344838e-07,1.173553105049419953e-01
6.364028963673345561e-07,1.174180094341792935e-01
6.379810213673346283e-07,1.173755557552716017e-01
6.395591463673344888e-07,1.171779215743204983e-01
6.411372713673345610e-07,1.168189268297658012e-01
6.427153963673346333e-07,1.163332766441090016e-01
6.442935213673344937e-07,1.157798901837445993e-01
6.458716463673345660e-07,1.152244716854040063e-01
6.474497713673346382e-07,1.147092733552463051e-01
6.490278963673344987e-07,1.142444657539840036e-01
6.506060213673345709e-07,1.138073085343707935e-01
6.521841463673346432e-07,1.133550655140102975e-01
6.537622713673345037e-07,1.128535113858565031e-01
6.553403963673345759e-07,1.122897782315089021e-01
6.569185213673346482e-07,1.116875342869262933e-01
6.584966463673345086e-07,1.110993828722898064e-01
6.600747713673345809e-07,1.105845989978530008e-01
6.616528963673346531e-07,1.101873235207700974e-01
6.632310213673345136e-07,1.099050708830718037e-01
6.648091463673345858e-07,1.096840009025303042e-01
6.663872713673346581e-07,1.094276073019151002e-01
6.679653963673345186e-07,1.090238489861921067e-01
6.695435213673345908e-07,1.083888108438443021e-01
6.711216463673346630e-07,1.074944720242481944e-01
6.726997713673345235e-07,1.063915219387738947e-01
6.742778963673345958e-07,1.052011311065469967e-01
6.758560213673344562e-07,1.040821594407483064e-01
6.774341463673345285e-07,1.031899648348102022e-01
6.790122713673346007e-07,1.026227335399270968e-01
6.805903963673344612e-07,1.023945578658475991e-01
6.821685213673345335e-07,1.024289837753147026e-01
6.837466463673346057e-07,1.025815401162482043e-01
6.853247713673344662e-07,1.026902519915282030e-01
6.869028963673345384e-07,1.026215030856666988e-01
6.884810213673346107e-07,1.023157863765190995e-01
6.900591463673344711e-07,1.018030931158133978e-01
6.916372713673345434e-07,1.011877650186270988e-01
6.932153963673346156e-07,1.006137627467847961e-01
6.947935213673344761e-07,1.002072075547369018e-01
6.963716463673345483e-07,1.000342634895385052e-01
6.979497713673346206e-07,1.000745125902653965e-01
6.995278963673344811e-07,1.002234995938247053e-01
7.011060213673345533e-07,1.003287123815809062e-01
7.026841463673346255e-07,1.002322201148728026e-01
7.042622713673344860e-07,9.982390280639845404e-02
7.058403963673345583e-07,9.907405481437885075e-02
7.074185213673346305e-07,9.804000644505972417e-02
7.089966463673344910e-07,9.685135882079970449e-02
7.105747713673345632e-07,9.566537618413367694e-02
7.121528963673346355e-07,9.462636570566933247e-02
7.137310213673344960e-07,9.382808781946934407e-02
7.153091463673345682e-07,9.329540770563962693e-02
7.168872713673346404e-07,9.299445520081477123e-02
7.184653963673345009e-07,9.285169315889651998e-02
7.200435213673345732e-07,9.278986676352617147e-02
7.216216463673346454e-07,9.275473134582980228e-02
7.231997713673345059e-07,9.272733471785932213e-02
7.247778963673345781e-07,9.272374033595176535e-02
7.263560213673346504e-07,9.277031698255423786e-02
7.279341463673345109e-07,9.288192420337637589e-02
7.295122713673345831e-07,9.303961186544063011e-02
7.310903963673346553e-07,9.318252241918871526e-02
7.326685213673345158e-07,9.321641619855834671e-02
7.342466463673345881e-07,9.304320584689128315e-02
7.358247713673344485e-07,9.258733105318651957e-02
7.374028963673345208e-07,9.182895110456014420e-02
7.389810213673345930e-07,9.081874551357391190e-02
7.405591463673344535e-07,8.967332248998942379e-02
7.421372713673345257e-07,8.855701597032594741e-02
7.437153963673345980e-07,8.763859521527642138e-02
7.452935213673344585e-07,8.705348736898925466e-02
7.468716463673345307e-07,8.686782029643459746e-02
7.484497713673346029e-07,8.705902841583411378e-02
7.500278963673344634e-07,8.752428956826999173e-02
7.516060213673345357e-07,8.809900341513089705e-02
7.531841463673346079e-07,8.860032829677434718e-02
7.547622713673344684e-07,8.887062564914612051e-02
7.563403963673345406e-07,8.881450640439685074e-02
7.579185213673346129e-07,8.842474328403215900e-02
7.594966463673344734e-07,8.777683267486061092e-02
7.610747713673345456e-07,8.701039638447183311e-02
7.626528963673346178e-07,8.628943377601021314e-02
7.642310213673344783e-07,8.575619967746320182e-02
7.658091463673345506e-07,8.549573632177899507e-02
7.673872713673346228e-07,8.550751725929837954e-02
7.689653963673344833e-07,8.570805508163276132e-02
7.705435213673345555e-07,8.595229925994934961e-02
7.721216463673346278e-07,8.607228279630008139e-02
7.736997713673344882e-07,8.592743656174309241e-02
7.752778963673345605e-07,8.543946157220967674e-02
7.768560213673346327e-07,8.461859628793913513e-02
7.784341463673344932e-07,8.356134532696539441e-02
7.800122713673345655e-07,8.242445038769159738e-02
7.815903963673346377e-07,8.138712411338186459e-02
7.831685213673344982e-07,8.059954025678955913e-02
7.847466463673345704e-07,8.014720056994395492e-02
7.863247713673346427e-07,8.002949313575917489e-02
7.879028963673345031e-07,8.016186205412821619e-02
7.894810213673345754e-07,8.040492351756949041e-02
7.910591463673346476e-07,8.059893980908591771e-02
7.926372713673345081e-07,8.060895243621246653e-02
7.942153963673345803e-07,8.035663839702621158e-02
7.957935213673346526e-07,7.983456559447979495e-02
7.973716463673345131e-07,7.910467793604643305e-02
7.989497713673345853e-07,7.827166395534652932e-02
8.005278963673344458e-07,7.745456269930070525e-02
8.021060213673345180e-07,7.675468797572204682e-02
8.036841463673345903e-07,7.623249899907610927e-02
8.052622713673344508e-07,7.590299273594207363e-02
8.068403963673345230e-07,7.573802734950478566e-02
8.084185213673345952e-07,7.568577518754854294e-02
8.099966463673344557e-07,7.569026720748707471e-02
8.115747713673345280e-07,7.570757898271465725e-02
8.131528963673346002e-07,7.571778895338407422e-02
8.147310213673344607e-07,7.571995498939328162e-02
8.163091463673345329e-07,7.572560373450056004e-02
8.178872713673346052e-07,7.574478080760525811e-02
8.194653963673344656e-07,7.577329892050700677e-02
8.210435213673345379e-07,7.578967932539883157e-02
8.226216463673346101e-07,7.575317477023910118e-02
8.241997713673344706e-07,7.561594406346630604e-02
8.257778963673345429e-07,7.533632061840349337e-02
8.273560213673346151e-07,7.489221106948931728e-02
8.289341463673344756e-07,7.429393358940546144e-02
8.305122713673345478e-07,7.358324127539071779e-02
8.320903963673346201e-07,7.282985070955397267e-02
8.336685213673344805e-07,7.211700753104467732e-02
8.352466463673345528e-07,7.152248368115217414e-02
8.368247713673346250e-07,7.110319912263213249e-02
8.384028963673344855e-07,7.087854092847366283e-02
8.399810213673345577e-07,7.082726999962797587e-02
8.415591463673346300e-07,7.089117000832836912e-02
8.431372713673344905e-07,7.098809988751395017e-02
8.447153963673345627e-07,7.103031858656598529e-02
8.462935213673346349e-07,7.094812385977426750e-02
8.478716463673344954e-07,7.070231186837579174e-02
8.494497713673345677e-07,7.029567555219724817e-02
8.510278963673346399e-07,6.977102413209149145e-02
8.526060213673345004e-07,6.919965829527183199e-02
8.541841463673345726e-07,6.866698687001435153e-02
8.557622713673346449e-07,6.824894896748794071e-02
8.573403963673345054e-07,6.799734887708668019e-02
8.589185213673345776e-07,6.792860081044650722e-02
8.604966463673344381e-07,6.802111458716948722e-02
8.620747713673345103e-07,6.822504987038341406e-02
8.636528963673345826e-07,6.847057064960086759e-02
8.652310213673344430e-07,6.868516066251025010e-02
8.668091463673345153e-07,6.880630690158906493e-02
8.683872713673345875e-07,6.879029559726722309e-02
8.699653963673344480e-07,6.862007265669593792e-02
8.715435213673345203e-07,6.830118143331657954e-02
8.731216463673345925e-07,6.786130958264145752e-02
8.746997713673344530e-07,6.734436336122796851e-02
8.762778963673345252e-07,6.680383303867847011e-02
8.778560213673345975e-07,6.629912993881714733e-02
8.794341463673344579e-07,6.588527432990656796e-02
8.810122713673345302e-07,6.560736625685278933e-02
8.825903963673346024e-07,6.549181813483455350e-02
8.841685213673344629e-07,6.553863272592830302e-02
8.857466463673345351e-07,6.572033752017343577e-02
8.873247713673346074e-07,6.598001722244213607e-02
8.889028963673344679e-07,6.624145671590020434e-02
8.904810213673345401e-07,6.642251785134557773e-02
8.920591463673346123e-07,6.645199032504138514e-02
8.936372713673344728e-07,6.628932026935757671e-02
8.952153963673345451e-07,6.593275676929935547e-02
8.967935213673346173e-07,6.542426113733729176e-02
8.983716463673344778e-07,6.484041210022842283e-02
8.999497713673345500e-07,6.427377321144804589e-02
9.015278963673346223e-07,6.381228471588783202e-02
9.031060213673344828e-07,6.351368310633905001e-02
9.046841463673345550e-07,6.339215043190135623e-02
9.062622713673346272e-07,6.341351430976178982e-02
9.078403963673344877e-07,6.350327654430625024e-02
9.094185213673345600e-07,6.356873732786384734e-02
9.109966463673346322e-07,6.352104705427677467e-02
9.125747713673344927e-07,6.330153270999798465e-02
9.141528963673345649e-07,6.289771430910469363e-02
9.157310213673346372e-07,6.234719679241083889e-02
9.173091463673344976e-07,6.173114027114511709e-02
9.188872713673345699e-07,6.115158354616948705e-02
9.204653963673346421e-07,6.070780427983366034e-02
9.220435213673345026e-07,6.047060165835355799e-02
9.236216463673345749e-07,6.046359627596051278e-02
9.251997713673344353e-07,6.065885775852435796e-02
9.267778963673345076e-07,6.098089393201976127e-02
9.283560213673345798e-07,6.132612873314462892e-02
9.299341463673344403e-07,6.158693206872661863e-02
9.315122713673345125e-07,6.167608966920536118e-02
9.330903963673345848e-07,6.154822695164995777e-02
9.346685213673344453e-07,6.120622790842727284e-02
9.362466463673345175e-07,6.070005662563344312e-02
9.378247713673345897e-07,6.011197876742527257e-02
9.394028963673344502e-07,5.953461643412401999e-02
9.409810213673345225e-07,5.905004216447919813e-02
9.425591463673345947e-07,5.870938206146340127e-02
9.441372713673344552e-07,5.852555579784324974e-02
9.457153963673345274e-07,5.847481538054166705e-02
9.472935213673345997e-07,5.850798520137327069e-02
9.488716463673344602e-07,5.856984021561433690e-02
9.504497713673345324e-07,5.861466942357920762e-02
9.520278963673346046e-07,5.862046851873874836e-02
9.536060213673344651e-07,5.859221444425963959e-02
9.551841463673345374e-07,5.855527639427605957e-02
9.567622713673346096e-07,5.854366848867870871e-02
9.583403963673344701e-07,5.858159456396828252e-02
9.599185213673345423e-07,5.867161241825587237e-02
9.614966463673346146e-07,5.878836133363760791e-02
9.630747713673344750e-07,5.888252195772711306e-02
9.646528963673345473e-07,5.889346437754221231e-02
9.662310213673346195e-07,5.876954370867640276e-02
9.678091463673344800e-07,5.848347596492701334e-02
9.693872713673345523e-07,5.804569873594239704e-02
9.709653963673346245e-07,5.750529639157662271e-02
9.725435213673344850e-07,5.693960998716009192e-02
9.741216463673345572e-07,5.643718578997850011e-02
9.756997713673346295e-07,5.607242379646309310e-02
9.772778963673344899e-07,5.588641230255560893e-02
9.788560213673345622e-07,5.587368109076139289e-02
9.804341463673346344e-07,5.598072462762795909e-02
9.820122713673344949e-07,5.611928677339234062e-02
9.835903963673345671e-07,5.618475494583272806e-02
9.851685213673344276e-07,5.608313164602186235e-02
9.867466463673344999e-07,5.575403014094915816e-02
9.883247713673345721e-07,5.518603164638462982e-02
9.899028963673344326e-07,5.442285581821607737e-02
9.914810213673345048e-07,5.355307611414809182e-02
9.930591463673345771e-07,5.269332900830536737e-02
9.946372713673344376e-07,5.196338103504182654e-02
9.962153963673345098e-07,5.146096509810597214e-02
9.977935213673345820e-07,5.124464311864553728e-02
9.993716463673344425e-07,5.132172720075096201e-02
1.000949771367334938e-06,5.165130058608159713e-02
1.002527896367335011e-06,5.215533059744621724e-02
1.004106021367334024e-06,5.273634120972962858e-02
1.005684146367334943e-06,5.329918515607522111e-02
1.007262271367335015e-06,5.376512130710919823e-02
1.008840396367334029e-06,5.408313121415238289e-02
1.010418521367334948e-06,5.423113169642473919e-02
1.011996646367335020e-06,5.421034725195707921e-02
1.013574771367334034e-06,5.403807482855432776e-02
